435720870|2017370713: 30476 (5676), 30346 (2740), 30411 (12112), 1350 (709), 1422 (24), 1097 (22)
-1015786669|580623392: 2803 (490), 2998 (1778), 31028 (1686), 2868 (214), 30898 (1231), 2738 (244), 30963 (24)
-1872927943|170695709: 30411 (462), 30346 (26)
452474462|1204588547: 2998 (400), 2942 (61)
-910641634|1969685306: 30346 (963)
-2072215726|-1806234853: 3517 (963)
-249999606|-174089338: 1153 (7062)
248224925|701032157: 2745 (1428), 30898 (137), 31028 (1240), 2738 (261), 2608 (65), 2942 (2965), 3321 (838), 3070 (16), 31093 (51), 2868 (34), 2673 (12)
1885339771|-1657797963: 1282 (2020), 774 (321), 2267 (907), 1350 (123)
1427343446|1778975855: 31028 (1817), 2942 (164), 31093 (11)
994481221|-675004641: 2267 (1179), 774 (564), 2331 (58), 1350 (16)
483831369|-547079452: 3370 (998), 1770 (231)
874268902|-1911798397: 2202 (182), 30606 (300), 707 (137), 1357 (59), 1221 (216), 1350 (22), 1422 (13), 774 (15), 773 (28)
-11232703|-1931751203: 31093 (144), 2942 (26)
1413241834|-1727092104: 2998 (2144), 2803 (88), 2868 (83), 31028 (148), 30898 (76), 2942 (146), 2738 (44)
1995063841|247210201: 30411 (706), 1153 (707), 30476 (719), 1422 (11)
-61925562|1130114247: 3517 (682), 2803 (18)
2025635477|-2020760126: 30476 (2530), 1153 (4533)
-1573879968|-584541253: 2803 (2527)
1631606378|-386058014: 2203 (10), 774 (23), 2267 (161), 1350 (14)
-1992781386|-756327038: 3517 (697)
756159670|520992897: 30411 (610), 30476 (86)
-1481162287|1391309983: 2803 (610)
1773831000|-1421567728: 30476 (6376)
-1288289619|-236869783: 2942 (1679), 2745 (1929), 31028 (1236), 30898 (80), 3321 (1069), 2608 (48), 2738 (229), 31093 (43), 2868 (36)
975378006|1300467595: 30541 (329), 1357 (1399), 773 (1075), 1350 (1323), 774 (142), 2434 (77), 1221 (183), 1487 (278), 1422 (30), 1282 (20)
1816135191|-2122258551: 12220 (258), 30898 (50)
952208629|-85615012: 1350 (239), 773 (14)
-1707781899|1813888252: 30898 (156), 1978 (22), 2617 (39)
-172058110|-1389862205: 2267 (127), 2203 (27)
-1097020570|-779136238: 2868 (114), 30833 (19)
-661125129|1264137759: 773 (78), 2851 (25), 1221 (13)
1329482471|2001257803: 2284 (81)
-1165392892|951952573: 2268 (13), 2266 (60)
-2022806270|1541068953: 2803 (4533)
2041175961|1224571882: 31028 (18), 12220 (1161), 2738 (79), 30898 (14), 3321 (49), 2608 (30), 2745 (31)
402441098|-181387110: 774 (10)
-1997393495|-862761179: 31028 (289), 2942 (26)
-425251398|1902015573: 1282 (138), 2267 (150)
2116647847|1582183227: 31093 (209), 2942 (162), 3070 (233), 1764 (262), 3322 (12), 3390 (18)
-909233077|1332427719: 2396 (94), 2267 (26), 2331 (31), 1357 (54)
-694173445|-1249065493: 2426 (63), 2414 (30)
-1848672729|-157037267: 2267 (54)
1517017820|2048422335: 1740 (18)
741539228|1481741846: 3390 (12)
-267434097|-1279437145: 1282 (889), 2434 (174), 774 (88)
-713240670|1149522045: 31028 (231), 3321 (106), 2738 (72), 2745 (207), 2673 (57), 2608 (90), 30898 (121)
-1154886735|-112628979: 774 (78), 2267 (143)
-28951469|1891854121: 2738 (51), 2745 (21)
-769058419|1399948254: 707 (40)
1212480945|-2080847983: 2282 (14)
210191652|-1397285557: 2266 (14)
-1383769274|1905425631: 12220 (994), 2738 (17), 3321 (27), 30898 (17)
606323536|-1965928046: 2434 (371), 1350 (506), 1282 (73), 30541 (24), 30606 (12), 30671 (10)
-1036817371|1083543992: 30898 (113), 2745 (14), 3063 (77), 3321 (42), 2738 (24), 2608 (10), 2617 (90)
-1380407598|-2120200313: 2267 (91), 2203 (18)
-426051658|-49840554: 2868 (19), 30833 (10), 2608 (10), 3063 (39)
-2137113817|1741757275: 707 (15)
1621000334|-1811554899: 1282 (244), 774 (429), 2331 (511), 1350 (548), 2267 (751)
-133114221|-1156212029: 3321 (12), 2745 (99), 1764 (116)
1439103559|1800380189: 1282 (71)
1890939498|-1669948985: 2608 (70), 3321 (16), 12220 (31)
-1329963988|334178023: 1221 (22), 707 (20), 30216 (22)
-143536783|-77352753: 30833 (13)
2128041319|2334082: 774 (12)
-368188345|1303987962: 1770 (810), 2346 (49), 3690 (46)
-868110805|-734432350: 1282 (617), 774 (170), 1221 (13)
-382589434|587232632: 31028 (104), 30898 (513)
-2023278059|-1630712312: 6947 (32), 774 (65)
-1373544896|-1937299702: 2843 (32)
140125022|-1629520844: 707 (15)
-1928322576|-1053941077: 30411 (1743), 30346 (35)
129332375|-1932644683: 3517 (1627), 2803 (115)
-2092507836|1210034096: 30346 (2589), 1153 (13)
-830335992|-1456492655: 2803 (2589)
-1039608329|390545964: 795 (228), 1978 (57)
-2090383536|2011124618: 773 (227)
-189511267|-1392103339: 31093 (122), 3390 (51), 2942 (20), 31223 (10), 3062 (18)
1129514609|-1138542423: 1357 (36), 2396 (83)
-570499766|964204624: 2942 (22), 3062 (12)
636579692|495964553: 2942 (28), 2745 (213), 1764 (93), 3390 (25), 3321 (60)
286909863|2042935519: 1357 (24)
1385376872|2092584126: 12220 (24)
581220675|175768106: 773 (56), 1350 (122), 1282 (239), 30541 (36), 1357 (10), 1487 (17)
-1258097581|913043838: 2683 (10), 2608 (15), 2942 (11)
1515842633|-1807645213: 1554 (13)
-1402567724|1410932384: 3517 (703), 2803 (11)
-1246635804|1104591383: 30411 (729)
1058311555|204912137: 2803 (729)
-825969957|-1504355843: 1282 (51), 1350 (28), 773 (15)
-340313354|1366056743: 2738 (30)
-1663731214|811188752: 2738 (10), 2745 (10)
773493929|-719034078: 2347 (470), 2358 (41)
-1059727604|-1904277211: 3779 (461)
1272608427|-2009349182: 3836 (460)
-1122557946|410906170: 2434 (112), 1282 (55), 30541 (270), 1350 (16)
1527222131|-767939056: 2933 (112)
-241935973|1341951312: 8324 (85), 192 (14), 1318 (13)
-1660209885|626661203: 3321 (70), 3322 (11)
1409420293|-57045682: 1318 (66)
-1937782034|-1917869940: 2738 (21), 3062 (44)
477492868|-1656239520: 707 (82), 1221 (22), 1478 (21), 774 (10)
-803905911|565465730: 30898 (37), 31028 (24)
-1822570559|903786055: 2998 (7635), 2803 (1577), 2942 (1998), 30963 (796), 31093 (30), 2868 (65)
1075660673|125123966: 30346 (6520), 30476 (1108)
232361677|-431671969: 3517 (6386), 2803 (134)
1254224236|973429357: 1357 (96), 2267 (61)
155924643|1065070092: 12220 (76), 1764 (15)
-617237378|-2013634061: 2434 (10), 1282 (13)
886284281|-2053489102: 31028 (19), 795 (23), 30898 (127)
1518765034|945227074: 1282 (12)
-1701738892|1573913351: 3517 (982), 2803 (126)
983229477|1189351356: 774 (205)
2034903766|-1059364746: 1357 (126), 2267 (91)
2140635838|-623591751: 1978 (83), 2745 (198), 1764 (181), 3321 (83)
-458063935|-220511919: 2267 (64), 2331 (15)
2128583677|575800606: 3321 (27), 30768 (14), 3390 (10)
2093563736|1426268432: 31093 (182), 2942 (62), 30898 (21)
-78362496|1518303959: 2398 (156), 1357 (26)
-1302313150|-544428120: 2414 (155)
362060104|-374406846: 2499 (137)
1685107880|-2041605763: 3964 (53), 2996 (84)
716023961|-1199045600: 1477 (26), 2396 (14)
169167474|1247059577: 2942 (26)
20717144|1848400593: 2434 (71), 2267 (83), 2331 (24), 1282 (21)
-416501459|-1536451845: 2933 (72)
1304389573|967653819: 1318 (72)
-1782406866|1218122873: 3070 (50)
1806106856|-977363345: 30411 (44), 1153 (40)
-519940721|-2007068047: 2998 (44)
843240911|-1158348472: 1153 (1189), 30476 (223)
-846199208|1721924627: 3517 (1189)
1218302688|359661804: 2745 (10)
1532687242|-1451805215: 1282 (175), 2267 (37)
-1903902077|533146384: 3370 (25)
-1504828372|1320113271: 1357 (23)
-440078877|1272029206: 2942 (58), 3062 (23)
-785619160|798673216: 707 (52), 1487 (19), 140 (12)
491573029|-1821814366: 12220 (40)
-1796581581|1747549423: 8324 (21), 1487 (14)
-126534773|42985196: 1829 (11)
1192147586|-1666852778: 3390 (105), 3321 (169), 2942 (40), 3070 (23), 31093 (199), 2617 (15), 31223 (18), 30768 (164)
-874241200|-302961978: 30671 (29), 1282 (21), 1221 (23)
-1475093374|-411883054: 31223 (13)
-554901996|-1064276690: 2267 (40)
-1781624976|-1137222401: 12220 (31)
-943544901|-267682624: 1282 (482), 30541 (161), 1350 (802), 774 (55), 773 (223), 2434 (83), 1422 (12), 1357 (66)
-491704938|120748570: 31028 (357), 30898 (20), 2942 (37), 2868 (30), 2738 (17), 2608 (12)
-1931202171|-1157676694: 2267 (205), 707 (11), 774 (85), 1350 (36)
-1418458231|-1302379375: 3390 (159), 30768 (26), 3062 (14), 31223 (10), 2942 (18), 3070 (14)
664703579|-1022642687: 1221 (48), 30606 (40), 707 (48), 1357 (15)
1616184070|730013737: 12220 (49)
-369911024|-792523420: 707 (13), 774 (15), 30606 (10)
630403869|1815123334: 31093 (15)
-1837859599|2098568570: 1357 (12)
215590858|-129090173: 2931 (19)
733214652|-788355241: 774 (46), 8324 (16), 1487 (13)
-752761234|-2136872249: 1829 (19), 30898 (32), 2738 (14)
711067406|-1806038733: 31028 (12), 2868 (57), 2942 (58), 1206 (20)
1565525320|-864582712: 30346 (1218), 30476 (341), 1350 (14)
278187012|759663593: 2998 (1216)
-1851673094|1007162562: 31028 (102), 2868 (24), 30898 (30)
584301341|31488810: 2333 (80), 1350 (15)
445845953|1939897426: 2347 (81)
-195276188|687545429: 2267 (81)
1848751704|-126724070: 3070 (28), 2942 (33), 3390 (13)
1767040809|1726417751: 1350 (23)
-878298327|-266393097: 12220 (21)
1107338047|190776506: 773 (10), 1221 (10)
1281805215|244083774: 1350 (17), 1221 (26)
-292415585|-1737208162: 3390 (11)
985719577|-979004393: 31093 (115)
-1926779659|-729768725: 707 (49), 2267 (56)
-1671424500|-396996463: 3439 (32), 1829 (10)
1790899601|-2043883303: 8324 (11), 2267 (13)
-1912110172|1164329547: 773 (28), 1350 (24), 1282 (36), 30671 (10), 1221 (53)
430034612|2037887263: 2942 (22), 3390 (42), 30768 (30)
759776383|490526793: 2434 (17)
1560298506|-177236988: 12220 (14)
-1738233813|-280696608: 2738 (10), 3321 (10), 2874 (31)
1643840157|239234361: 1357 (81), 1487 (21), 2267 (20), 773 (33)
-1665537603|-236359946: 2541 (64), 2738 (58)
-1888355830|-1548491525: 707 (52)
-1328100253|-765752831: 707 (25), 1221 (26)
-2034546059|267222699: 774 (37), 2267 (59)
-409932632|1447467620: 2347 (11), 2346 (20)
157265677|220068451: 3779 (11)
-2108682582|190394500: 3818 (11)
195205659|640321890: 3370 (53)
594050228|2000877061: 1487 (15), 1420 (24)
-561101940|-780790884: 31223 (11)
-116135300|1731638410: 707 (65), 774 (11), 1221 (26)
896746097|-607835032: 31028 (24), 2608 (24)
1529241186|1711806232: 2267 (11), 774 (10)
2092328046|1856508643: 2282 (31)
947248379|1105709113: 2266 (29)
-578152438|-82047262: 2608 (13)
195910338|-435881450: 3390 (15)
690193858|-1429501220: 1740 (262)
-1359944734|1602750478: 3390 (345), 2942 (32), 1770 (11)
572160560|786234014: 707 (39), 773 (218), 30671 (94), 2715 (17)
-1730688426|-612651733: 12220 (1269), 1978 (20), 2738 (14)
292639296|540770406: 773 (1061), 2434 (13), 1487 (164), 1282 (39), 1422 (15)
-2032722096|472544050: 31028 (976), 3321 (161), 2738 (56), 1978 (123), 2745 (33), 30898 (107), 2617 (94)
-394132669|-1578678206: 8580 (582), 2267 (162), 1282 (139), 2331 (89)
-1140174396|-1972090464: 2745 (395), 1764 (58), 3321 (47), 2738 (11), 2617 (63)
-1029583582|1049406920: 2267 (367), 1282 (19)
-1080126338|-528380739: 774 (20), 2267 (16)
-1773989644|487371955: 2608 (30)
1447837362|-1835988077: 192 (10)
-1028577404|471908891: 12220 (110)
1259847570|-413077674: 1420 (88), 1357 (16)
569687303|948403648: 31028 (35), 30898 (25)
1335992596|-2058729808: 2267 (34)
1748081432|-1914027189: 2738 (14), 30768 (10)
681409755|777062238: 1749 (181)
-181864663|474606268: 2745 (149), 3390 (113), 2942 (10)
-1954321457|-1464791340: 1282 (136), 2715 (12)
-293940675|-1842388356: 12220 (35)
1742490155|1768902449: 773 (14), 8324 (15)
-260438213|1434369125: 31093 (34)
1201490135|1146860697: 2396 (14), 2715 (11)
1943000724|935632983: 1829 (11)
1698068923|1727225440: 31028 (641), 2868 (61), 2738 (32), 30898 (30), 2942 (16), 3063 (10)
191063464|-616667888: 773 (461), 1282 (38), 2267 (92), 2434 (28), 1422 (11)
557381256|1057413104: 3390 (215), 2942 (233), 3070 (67), 1764 (22), 2738 (68), 2933 (11)
-1378717862|1314006368: 8580 (106), 2267 (17), 1282 (22), 30671 (57)
-1507763970|-1094589644: 12220 (103)
-855540741|1185433723: 261 (27), 1282 (45), 2331 (11)
-2134511161|-1388649743: 3063 (17)
1489774878|-301602425: 3370 (379)
1879494577|-1083336992: 277 (164), 725 (53), 30281 (130), 2434 (14)
-166596622|-1456846221: 3309 (125), 3885 (32)
-780419196|-2140745561: 1220 (56), 1357 (22), 1282 (42)
-323435984|1954649396: 31093 (56)
512396741|-267296667: 1221 (17), 1350 (17)
1497439384|412743245: 12220 (15)
-2115338600|1377867816: 1350 (13)
-389147590|-531611855: 3517 (223)
-1331632449|-1858149897: 1282 (40)
-1781305710|1711793965: 12220 (30), 31028 (19), 2738 (12)
1539205081|1976523848: 30898 (17)
371190010|2046465677: 3321 (15), 2745 (29), 30898 (69), 2608 (28), 2738 (17), 3063 (11)
-552152612|-1606873968: 707 (15)
754147236|-744595221: 2942 (28), 3390 (62), 30768 (17)
404477295|-1210775107: 773 (20)
1944465481|-118574848: 1357 (11)
1975258462|-452841580: 773 (23)
40829843|1071336523: 2942 (11), 31028 (10)
1080945651|36735771: 30671 (11)
1062245481|-1582812848: 31028 (39)
1359317114|476383776: 2267 (27)
1989522038|348458971: 3390 (13)
1339958902|-974526161: 8580 (157)
-1498699071|911452537: 31028 (135), 30898 (11)
-922831150|-1952542199: 261 (46), 2267 (32), 1282 (31), 2331 (10)
952623838|-1205503689: 3901 (19), 1764 (12), 2738 (81)
-28951108|394337808: 332 (15)
1167021426|136448435: 2267 (10)
1710855099|-551232978: 2942 (21)
1360075120|-1150307464: 1487 (22)
-1393088952|492525281: 12220 (11)
1291752234|-618495047: 2284 (13)
-1186374199|-1797791153: 2268 (13)
-600590045|-2017177695: 12220 (42), 3063 (22)
-253102738|-1920937814: 2396 (122), 1221 (42), 1357 (15)
-273153570|2003250822: 2414 (105), 2426 (17)
1212997588|1095008364: 2499 (89)
967373364|782504019: 3964 (89)
2004217349|274957582: 1221 (31), 30541 (12), 2434 (11)
1435836725|2089050860: 707 (31)
-1711961800|-1065879026: 30898 (17)
-159497265|21111857: 2267 (17)
-1568766781|-1581736740: 2868 (32)
-998619054|997128657: 8580 (25)
-1883400065|-1950024983: 2227 (10), 12220 (28)
-1430766962|1066964933: 8580 (74)
-980196643|1097864872: 1318 (13)
-1660407491|571955174: 1350 (10)
-1411951804|-260262891: 707 (84), 774 (149), 1221 (17)
1740110665|1284451575: 2608 (50), 3901 (10), 31028 (17)
-1481059057|-1022192681: 8324 (12), 774 (39), 1221 (10)
2094724129|-1357332987: 30833 (17)
-75074943|-607462307: 2267 (12)
-602519411|-747972186: 12220 (13)
22039421|2112575304: 31028 (25), 30898 (12), 2617 (10)
1862621038|-1071223752: 2267 (22)
-1357240074|1334846244: 1748 (116)
1606320605|-414427073: 2942 (114)
1800801046|-2096680599: 1357 (56), 773 (17), 1350 (15), 2258 (10)
685556441|-2038840056: 2745 (25), 12220 (32)
1450663487|847323488: 1307 (23)
1465497204|1297563392: 12220 (16)
644685744|-407609379: 2346 (15)
1902845681|-2085655807: 2331 (23)
-2112695066|447192634: 2347 (22)
1826461507|1107099197: 3779 (21)
-405653788|1203254490: 3818 (20)
401255662|-1539845079: 30541 (26)
1916850961|1188116880: 30898 (18)
-1058272494|130134839: 2267 (19)
-1949410698|2070315750: 2868 (13)
-305490201|-508499989: 1350 (11)
238512144|-979906454: 2745 (10)
1889334518|1903113218: 1282 (10)
152434807|1332122227: 707 (13)
1686921824|-1471027518: 1350 (20)
-965165472|1051313250: 31028 (10), 12220 (21)
-1286118838|1024975881: 1762 (11)
1915666074|414430813: 1749 (11)
1397056150|-1579157115: 2608 (123), 3704 (24), 31028 (18)
-1823847216|776095397: 707 (110)
1596646621|-1833836985: 3704 (108), 3322 (13), 2090 (12)
1413287641|1687098125: 140 (37), 30671 (35), 30606 (10), 128 (23)
1815113435|816675677: 1978 (16)
1079986949|320839594: 773 (15)
-483930390|273818681: 3370 (89)
-873650107|1094343518: 1357 (77)
-2006457974|1145351999: 31093 (76)
1065397862|1432463299: 707 (73)
784798879|1773628345: 3439 (113), 1893 (15)
-669387006|130935793: 8324 (63), 140 (31), 1422 (18)
1442848937|1849882608: 12220 (42)
-126033685|855629153: 31093 (134)
1335602951|601544093: 1357 (125)
-784960452|-1501465244: 2942 (119), 1893 (10)
-438370569|-1026941902: 1221 (66), 1487 (19), 8324 (24)
-1575653462|709003802: 12220 (61)
2087938077|-982451082: 852 (10)
-2034635535|-499799225: 774 (396), 6819 (94), 707 (10)
-1352374149|532190025: 795 (97), 2683 (329), 1978 (15), 31028 (16)
-301204772|2132837103: 773 (97)
-1713834991|-1510350544: 2942 (63)
-1389330726|-1045264282: 8580 (50)
-1497151106|824266290: 12220 (50)
-840734085|-917969539: 30541 (22), 707 (13)
-1686078918|88837503: 2608 (16)
713190303|653993303: 1350 (26)
-2005485665|-1341978633: 3390 (22)
77344333|-1051200153: 1221 (15)
-794028720|-359915998: 3370 (59)
-127470593|-1142660795: 1357 (54)
-1142146512|-1097165532: 12220 (30), 3309 (10)
843751974|1171961961: 707 (58), 30606 (17)
-30799317|-114745205: 3885 (26), 2738 (14)
-308416559|1937893155: 30606 (21)
-1521969041|-1467055184: 31093 (17)
-2131910475|-1002732735: 2267 (46), 707 (51)
444613769|347260686: 3370 (54)
-1245956320|315427274: 12220 (234)
1008381750|-376626041: 8580 (184), 707 (24), 30671 (20)
-714136703|439837905: 31093 (182)
1653107821|185756717: 2396 (87), 2715 (61), 707 (22)
2111412445|-235564543: 2420 (14), 1782 (69)
508146048|-276686020: 3321 (40)
-683636570|910262561: 2267 (24), 8324 (29)
1294822554|-423049874: 2282 (23)
166646799|-913891404: 2266 (21)
-334425858|1937561967: 2608 (15)
2019479631|-598555963: 2202 (10), 8580 (10), 707 (18)
-1132572219|1726563013: 12220 (19)
1543697089|1187300997: 2426 (43), 2414 (40)
458378269|99339843: 30606 (24)
1401371555|-555439408: 3301 (23)
588082681|2098765413: 2267 (28)
1747926173|29339572: 1206 (11)
-820889265|-1454944839: 3321 (25), 2617 (18), 30768 (108)
-898803139|-2077455300: 3370 (59)
-492323694|-716901541: 707 (56)
1532515598|1152376845: 1282 (58), 1740 (58), 6819 (11)
1929089289|-385193874: 1740 (93)
2042785531|1830623276: 2434 (15), 773 (38), 1282 (37), 30671 (21)
589210264|-992429432: 12220 (24)
1137555001|-870131821: 3321 (18), 1978 (12), 2608 (12), 31028 (11), 3259 (16)
-1829669301|-2062015290: 31093 (22)
-344707001|-729905608: 3321 (70), 2745 (102), 2874 (75), 2738 (14)
-10871915|-1919399747: 1350 (67)
1571735445|459303453: 2738 (58)
1908531787|953323242: 773 (45), 2333 (16)
-429412517|79920574: 2933 (31)
1291090355|-1727668482: 8580 (23)
-1518209788|1790942888: 3070 (10)
-2142214845|-1669193590: 1978 (52), 2608 (19), 3321 (13), 2942 (14)
460691516|-1265770654: 1282 (19), 773 (33)
131543406|-45939472: 2608 (85), 2942 (81), 3321 (37), 31028 (12)
-942137560|1927199696: 707 (30), 30216 (40), 1221 (13), 1350 (11)
196654885|-835902670: 30833 (26)
-698767523|1668879180: 1357 (31)
502456879|874876122: 8580 (29), 1282 (95)
-192450920|-945828724: 3309 (15)
-739426578|-288139688: 1282 (11)
-1142954978|1558649634: 2608 (21)
2077280856|-746937342: 66 (13)
1005121100|365602510: 30833 (12)
1900930619|207932926: 2715 (94)
-1069904902|-1175161901: 128 (17), 774 (16), 707 (40), 1350 (12)
-265594751|1734623478: 2942 (16)
950581800|-396935613: 2942 (20)
-126057546|-1462593702: 8580 (18), 2267 (16)
285806337|1533597452: 31028 (12)
2006352169|-1955417630: 31093 (55)
-1066283323|-1705527010: 1221 (20), 707 (15)
-702673258|413497560: 2942 (22)
-487160739|2095976846: 2117 (12)
-1109167256|-1479176800: 3452 (10)
-352276575|2129784903: 1749 (58)
917840979|1290345893: 3901 (60)
-264963279|-481461630: 1357 (59)
-1279380738|-432828701: 2738 (21), 2745 (32)
-1613687008|-981374444: 454 (11)
207234039|84405041: 2942 (33)
951232828|1632404071: 1357 (19)
-379791961|-585126643: 8580 (61), 2267 (43)
-781783992|-2104780603: 1762 (38), 2745 (15)
1867245029|402969234: 12220 (24)
-395119658|-1315877215: 3063 (26), 1764 (11)
-237885400|1998919592: 707 (21)
1348790443|-870674540: 31028 (188), 2868 (12)
948005378|-1021539840: 3309 (73), 2745 (13)
535509620|-363851564: 128 (16), 405 (21)
-1721423303|1804516344: 332 (11)
935299942|-1629789905: 12220 (35)
965621818|-1240200961: 1221 (33), 707 (18)
2118494567|1587322583: 2608 (18)
-671545835|789474558: 30833 (25)
-1261769053|-1546190357: 1032 (11), 8580 (14)
1284311224|2026380195: 1764 (11), 2608 (28)
577882962|188520792: 12220 (47), 2608 (28), 31028 (20)
-335660458|2146971363: 31093 (28), 12220 (16)
1545172410|1859986975: 1357 (25)
-1028346239|-343505178: 2931 (14), 12220 (10)
1943525819|1719980971: 2942 (14), 31093 (177), 3070 (17)
1195332464|47168253: 1357 (12)
1043461304|1909961956: 2267 (80), 1350 (98)
-1790224538|136528783: 30606 (13), 30671 (13)
-576839464|-752081124: 12220 (10)
-126671251|-1204405420: 31028 (10)
-1775879554|100335652: 2267 (10)
1373565808|45627190: 773 (19)
1875713211|1285603536: 1749 (12)
2045661470|56965788: 707 (120), 1554 (135), 1740 (60), 64 (14)
-1248921325|-1080647042: 31028 (23), 1978 (23), 2942 (39), 3322 (26)
-606345984|39557390: 6947 (22)
-224558763|269611020: 2869 (13)
1481803922|1474376911: 707 (19)
-1808654177|-351097811: 3901 (10), 2608 (11)
-1067662506|-917677821: 2202 (10)
185864689|-879047587: 12220 (10)
-1053354058|2046718382: 3370 (171), 1770 (10)
-369233639|680922825: 1422 (16), 1357 (20), 1420 (58), 1282 (33), 30671 (39)
514641839|1181081239: 31093 (12)
-1454669757|1463866987: 901 (12)
1346247913|1373860792: 2942 (12)
2019265959|789650301: 1357 (33), 1487 (14), 773 (12)
1003570280|711978780: 31223 (19)
1296860191|120951475: 2462 (18)
1576435385|450118016: 3565 (11)
53654826|-64668819: 2434 (13), 1422 (10), 773 (37)
-450749857|912456519: 3390 (13)
1774748557|1194723799: 707 (10)
-1515705472|-70938315: 3063 (10)
1233878561|-1465555821: 2942 (20)
2103702762|-856814139: 1221 (12)
984114615|610704365: 12220 (10)
1219745197|-1644242911: 2117 (46), 2786 (75), 1357 (21)
-897503124|-958394217: 3452 (16), 3964 (19), 3322 (11)
-1139098782|-1462229389: 1357 (13)
102432873|1887754148: 8580 (22), 2434 (22)
-277967650|-2093049870: 2227 (42), 3063 (10)
729750837|1285421770: 643 (47)
-355855575|-816878918: 30768 (47)
1107797945|419251731: 2434 (19), 277 (10)
851375338|-1261519628: 3063 (19)
406372815|1694431659: 1893 (10)
-1250042386|118452409: 852 (10)
-1435027242|770243240: 31093 (18)
496006970|1020129876: 1282 (15)
636408298|1459078440: 3028 (11)
-548568508|1140184013: 2396 (13)
-1103084902|-1669764622: 2267 (17)
17870218|1142047508: 773 (21)
-1766399846|2013507648: 3309 (10)
535034886|-1903833958: 2933 (10)
859814821|-1727500890: 1357 (61), 1487 (12)
-1178842292|1169490906: 707 (18)
-883299574|-679798685: 3063 (10)
513976221|409628068: 2396 (76)
-590069287|1655228176: 2043 (75)
-1210670373|-74342653: 773 (16)
544272331|-947884969: 1374 (10)
-507698213|1602871610: 1356 (10)
-67752757|1894213743: 2508 (26), 30541 (14)
91600803|1207679162: 3964 (26)
1125208583|524319769: 31093 (38), 2043 (13)
-185197077|241530085: 8324 (25)
1162765223|-454641026: 3321 (10)
-1417840033|345071605: 31028 (36)
-987208116|-1453562747: 1090 (10), 2267 (26)
144537181|-501343433: 30898 (36), 31028 (15), 3321 (11), 2738 (10), 2745 (17), 2608 (14)
1729543338|590071048: 2267 (30)
-1825930785|2017244748: 2745 (51)
-1180241441|-949959478: 1282 (24)
62504729|1710057528: 1221 (14)
1147059910|-1369921604: 773 (10)
-40123541|320089761: 3321 (11)
-1188244623|955117089: 2396 (47), 1350 (27)
-1501747263|-1039527923: 2426 (46)
-517105379|-2128275253: 1221 (14), 1350 (14), 774 (11)
-1494874048|1772981987: 1782 (13)
731864775|628539839: 2387 (13)
1141109408|1035440131: 1179 (13)
-684465742|1828016725: 1161 (13)
-63766513|1558906328: 2414 (13)
1314682807|929682089: 2499 (12)
1069046359|1485390486: 3324 (12)
947852401|449527516: 2407 (12)
1395739755|-1956945317: 2868 (12)
1496131720|1061731780: 707 (20), 1357 (27)
252207397|-802162725: 3321 (13)
-972990461|166489542: 1318 (11)
1280702183|-1870019150: 3028 (27), 2258 (10)
-380991615|1912978203: 3070 (27)
-1457785154|1826300697: 1282 (13)
-1804217473|434758452: 2998 (39)
1743552492|578100235: 30411 (43)
-313972085|1872039957: 3517 (43)
-1003448745|2007096151: 1357 (133), 2396 (29)
1520258412|-218465362: 2942 (128), 3062 (12)
1853212583|-1766780168: 774 (95), 707 (21), 1487 (11)
-1763182987|-955097240: 12220 (80)
524381795|1012036133: 707 (41), 8580 (28)
-614374681|-1924782725: 2420 (20)
-209162989|11026860: 2387 (12)
1276221473|703362144: 2426 (10)
-2002655369|-1184160838: 12220 (22)
-1177412670|2093641260: 2088 (37)
-905027417|1756173975: 1221 (10)
-536105188|-1161619570: 3063 (22)
1316976624|-105733121: 2267 (25)
89990804|-2062183890: 2868 (21)
-1616116139|1866769522: 1782 (18), 1762 (41)
1539965912|1048314926: 1221 (14)
-956359291|774936601: 3070 (15)
1024491141|470991605: 2267 (14)
875932974|-1258651017: 774 (11)
461895389|-1941069244: 1740 (11)
-827303738|503313179: 2088 (16)
1138312477|400374379: 3070 (10)
1879856478|-1896411348: 1965 (54), 2738 (15), 1764 (18), 3321 (11), 2745 (11), 3063 (12), 2617 (14)
17268577|1110118135: 707 (13)
-495000300|-2069813640: 707 (16), 774 (17)
773737753|944946842: 3704 (10)
-1689126300|-1096474978: 1770 (14), 3370 (79)
-1122127864|656747462: 1749 (10)
55297370|-132918540: 773 (48)
-1796372406|-1006493280: 1374 (31), 795 (16)
1428178010|1544269005: 1356 (29)
-1924185588|-1747074323: 3390 (16), 30898 (14)
-2095123572|-143549345: 31223 (12), 31093 (26)
-2052514048|1910379331: 2138 (10)
984873621|-1837632159: 2608 (10)
1959241986|-965121496: 2683 (15)
1957988554|-133070618: 1357 (16)
926826757|-43027321: 31093 (16)
-2133258519|-330662789: 707 (10)
-1709676247|1002660184: 1357 (12), 773 (20)
-644701978|1052611897: 12220 (17)
1345599728|-973227916: 707 (17)
-1608923530|-1563782533: 773 (27), 30671 (10)
817790808|-118811866: 2942 (21)
2112390923|-1525999197: 2745 (22), 12220 (139), 31028 (13)
54729709|301202891: 774 (20)
-70178241|1079029851: 31028 (11)
-1786497492|-40006869: 2267 (11)
-2068455161|-1645994217: 707 (19)
1221937418|555190261: 3063 (17)
-1705731461|2122299972: 774 (12)
-611076133|-2044606287: 1318 (72)
-762591397|-637718329: 1161 (20)
-1475116037|-64197069: 1420 (10)
65958192|-149428877: 30898 (14), 3321 (16), 31028 (33)
659024547|1250232989: 2868 (18)
399149455|1459820838: 2130 (39)
1805337512|-927892795: 2683 (38)
-1122927923|-731065584: 2202 (34)
1090815015|1290790673: 30898 (10), 30768 (27)
942358037|354347249: 2931 (11)
-2131648372|-1266959487: 3070 (11)
617100077|246354726: 707 (11)
-391603424|-1302557756: 3439 (11)
-319269302|-1001632876: 1282 (44)
-913580441|863325518: 3390 (63), 3070 (33), 2942 (26)
1164003253|1109508062: 1357 (10), 707 (37)
-1675805275|-1468626784: 12220 (11), 31028 (10)
1099545775|1748286507: 1828 (11), 2875 (11)
1707070770|1450728105: 2452 (54)
-1111354407|659453803: 2933 (54)
391234865|-1165437909: 2022 (41), 166 (12)
-1272817188|-2091825518: 2745 (12), 2478 (24)
476583782|1199010226: 1350 (31)
1679055764|-965393824: 31093 (21)
1742704095|2130010384: 8580 (11), 2434 (75), 1487 (11)
188372227|-1722414171: 707 (37)
-950338290|631608135: 31028 (18)
-1458577123|-1737971657: 2267 (14)
-222043531|790282667: 2267 (14)
1756235337|-7109148: 3690 (13)
-746250001|1522467100: 12220 (14)
1512290553|-1577112495: 707 (16)
660177796|2010359561: 12220 (17), 30898 (12)
-157370685|434786434: 2745 (10)
953267241|-1441758294: 31028 (10)
1801336704|-1351016017: 3028 (13)
-834582810|1307926278: 3070 (13)
1778742983|-450031078: 2942 (34)
1592654860|-2123990196: 774 (13)
365984835|1531821734: 8580 (197), 2267 (16), 1282 (11)
505629671|-1411483406: 12220 (201)
1963157730|1404556221: 2267 (11), 261 (80), 643 (63), 1282 (86)
-1231111272|51848356: 773 (64)
359916004|-887492771: 707 (66), 1221 (17), 774 (10)
-653047319|2011854783: 2738 (21), 3321 (19), 2745 (15)
-176395209|1415091016: 1221 (21)
-1296564886|-1127217824: 30833 (18)
-779872804|805922933: 774 (11)
413991352|-2140579359: 3321 (11)
-777766754|1504363516: 8580 (11)
816051310|-1401636740: 12220 (26)
-51362298|-1089027523: 2745 (10)
643540985|-1584167747: 30671 (25), 8580 (23)
1168922667|-1424914519: 2933 (17)
-824309688|612409069: 1350 (10), 707 (26)
1982990573|-880579049: 1749 (22)
-1417182433|-107248651: 2942 (17)
-1620112940|-1647252829: 8580 (17)
-1801699728|1833118967: 12220 (18)
-4448907|-1792374856: 1282 (10)
1963842069|-1175040418: 1350 (11)
-1091986077|1379979385: 12220 (13)
346605312|-1684562496: 332 (75)
-2096199152|-1484362092: 30768 (22), 1764 (20)
-1102411999|-788454921: 774 (19)
1188607731|-2136839065: 30898 (19)
693337092|1100460632: 2332 (14)
-325620360|-2045811201: 31028 (122), 2738 (14), 30898 (30), 3321 (15), 2617 (29)
-2101186197|1002593935: 2267 (100), 2331 (19)
-1521333401|862083956: 30768 (45), 2541 (27), 2617 (17)
-1318290908|-1362780746: 30671 (14)
734215808|1882473021: 64 (15)
-1473808707|427833304: 3901 (12)
-454572202|-857438224: 30898 (12)
-80761480|368272854: 2738 (16)
766021725|1358971625: 12220 (20)
1224261205|-526174520: 2333 (11), 1350 (85)
-890812394|785678190: 707 (13)
-12964792|1001596767: 1318 (16), 1894 (23)
-823619818|-1377821181: 1357 (26)
-1922939175|-1465980318: 31093 (23)
981797173|-1178869090: 707 (20)
734180300|-2056442140: 3439 (15)
-2015574851|-1764573775: 2998 (334)
-2146201995|-1705628168: 30833 (11)
270479512|-1490040175: 1749 (38)
-844448918|-1791547533: 2745 (38)
-1291769972|567264027: 1282 (38)
-1770868831|-688470591: 3322 (32)
1997298304|612118358: 2802 (75)
-745583548|-1458904815: 2117 (37), 1539 (31)
-2088630082|172417707: 852 (15)
349204680|2043255279: 2478 (12)
-1509550236|-523830067: 2347 (89)
1221153985|-1147298614: 3779 (84)
-1010371226|-1109830099: 3837 (84)
271775116|-577347335: 2434 (76)
-165520647|399614163: 3899 (46), 3321 (11), 2738 (11)
-2046340416|779866713: 2258 (30)
223859542|481571591: 8580 (53)
111469810|-332925613: 3070 (39), 3387 (10), 2942 (10)
29865347|1924310558: 64 (10), 2267 (11)
-1093108959|-1883364702: 2608 (11), 31028 (10)
402914638|-348447861: 2617 (11)
1263076430|1216364499: 1868 (11)
472958350|-1364079204: 1327 (10)
-149070530|986913833: 2282 (18)
-1277237845|362596083: 2266 (18)
-703451283|-169858633: 773 (11)
-311889421|1238113665: 2868 (12)
-935397653|1000180241: 2868 (25)
927925621|-1459552972: 707 (20)
-1813171275|-198303106: 2942 (38), 3390 (24), 3070 (13)
-1492797058|-1872409816: 773 (17), 1487 (13)
-1190826888|1463063857: 8580 (24), 2267 (12)
1349574863|-1534143129: 2738 (43), 1965 (31), 3063 (16), 1764 (10), 3901 (25)
2082456849|-2026098288: 643 (13), 2267 (31)
-1112880371|82747872: 1965 (10)
-272429550|1259861247: 1282 (36), 1221 (64), 773 (21)
1545173529|-631584536: 2617 (17)
1050764137|-974432230: 2617 (50)
-230304689|-148590614: 2347 (13), 2346 (14)
478844906|-1400909843: 3779 (13)
-1752877491|-1438972662: 3836 (12)
291613378|-2124398348: 31093 (13)
-1501108946|-1874507768: 1357 (10)
-895960413|-493361597: 2325 (13)
451728582|-721261592: 3704 (19)
590594475|1885025449: 707 (11)
936046859|1846349849: 31223 (21)
432668327|-1177545077: 12220 (10)
1927929250|1102691780: 30281 (10)
-196206819|1581987054: 774 (136)
215756495|266893694: 2745 (45), 31028 (33), 30898 (32), 3321 (12)
1920447017|-1156539114: 8580 (42)
2064097208|1706714238: 2541 (10)
1653158620|-1306181106: 2267 (30)
1159268560|-1165670411: 3321 (11)
228589559|-456099875: 2434 (22), 30606 (14)
-1105652880|1704676450: 8580 (20)
1466736583|-1776219084: 3063 (12), 31093 (14)
2039907147|-399334436: 2107 (18)
-1808533528|-1529683201: 742 (18)
-1563845690|-191508433: 2208 (16)
1809941908|595659827: 1350 (13)
1177220836|2011459176: 2267 (10)
938499627|1053379456: 2089 (135)
398586462|582764612: 724 (130)
-497501912|1334164580: 2592 (77), 3232 (31), 3808 (22)
1278750642|-1884655093: 1740 (68)
-1397989436|-1426159948: 2715 (11)
-368287147|1985680488: 2874 (15), 1978 (11), 1770 (52)
-328924378|-542443393: 1282 (12)
-921269493|680787621: 2942 (11)
-1936016527|1915845951: 3964 (14), 3322 (15)
1351488749|-917445490: 2933 (24)
-98713083|1419134926: 1318 (19)
576718062|631269900: 3070 (16)
620975519|-1154139839: 1487 (12)
-1039232591|-1331191072: 2267 (10)
-2123992104|-606221528: 1357 (23)
-193161561|-1833187290: 2355 (15)
2063818123|-365690886: 1858 (15)
230564921|131240460: 12220 (20)
-2078753745|-57491647: 8580 (16)
-737905547|1392760691: 1749 (20)
162660231|1629174417: 1965 (11)
2067292403|1681028614: 12220 (13)
567413454|978107626: 3063 (35), 2933 (22)
947048752|-50797085: 1318 (31)
-535881765|-1915828191: 31028 (18)
-943380114|-340301294: 12220 (252), 3321 (10)
1315156344|284641119: 2434 (124), 1282 (69), 1350 (55)
-1468850675|-625965195: 3063 (12), 30898 (36), 3321 (19), 2617 (31), 2738 (11), 2608 (10)
-1311521293|470081148: 1318 (12)
1773011736|1832055742: 31028 (10)
133897995|-788543282: 2267 (10)
-288571612|292699494: 2617 (14)
-868210631|-270851792: 1221 (29), 836 (22)
-1953777308|122926872: 1371 (26)
-848156448|594567125: 12220 (27)
1154789622|-667913576: 901 (26)
1619410600|1589019603: 31028 (11)
983086664|1213428926: 3885 (13), 2541 (73), 30768 (30)
-1958618074|-1484120150: 1318 (22)
1396447949|-692309400: 31028 (18)
1817556765|-2069886083: 1762 (58)
-466405177|-1125665239: 1554 (58)
-1439877134|-2125740235: 2089 (48)
-1977836665|-1656830735: 30281 (18), 724 (30)
-1065164162|1778394799: 1632 (17)
1840999715|1255857667: 2267 (32)
1244354351|1115347960: 2738 (10)
-106203934|2088193671: 2022 (21)
1524164623|1169087550: 30768 (11)
-140585661|1168672504: 2803 (86)
-1531452119|1830782661: 30411 (105)
772976718|553618139: 2942 (66), 2745 (16)
-1059788612|538847882: 3517 (35)
1758416908|-1289845808: 30541 (11), 1282 (24), 1350 (19), 773 (10)
1035108389|-875131062: 3582 (21)
1468728262|-1526825136: 192 (16)
559556461|-43027414: 2737 (12)
1144158672|-1036802961: 31223 (12)
-372690761|-1688351816: 1032 (17)
872602221|-687700292: 31028 (10), 3321 (11)
-1790082939|-2084887258: 798 (16)
1106085346|610204042: 31093 (32), 31223 (39), 12220 (10), 3063 (11)
-430148295|1596976428: 2527 (37)
-161489291|418072743: 1829 (31)
-739125654|1324493334: 2983 (21)
-1834880929|-703707340: 1487 (24), 2331 (16)
1866977127|1882890925: 3439 (21)
809124800|-39174473: 1350 (73)
-1831952448|1800543255: 3321 (64)
1539811046|-1299085814: 773 (29), 2453 (14)
-164306220|-806866317: 1893 (25)
875405588|275130152: 12220 (12)
-1114949374|-349828507: 774 (10)
590925211|-1972392940: 1221 (10)
2139476209|-267964207: 3232 (24)
-1263114498|-798669875: 1764 (17), 2738 (33)
-474179429|618723882: 1749 (17)
-43821908|1463690264: 1357 (25)
-1024673257|-559726775: 3309 (10)
-863078092|-542177261: 31093 (46)
2070492888|-829816593: 1357 (44)
-1955840670|-753239924: 2851 (11)
-1434744395|-431271949: 2874 (12)
526051369|983038131: 2781 (10)
-1825371213|780392041: 3901 (10)
1601585397|-2109316506: 3901 (21), 1978 (27)
-1711825001|769787201: 2332 (14)
1397506844|2056004008: 2347 (12)
1501809073|141509610: 1782 (68)
-909372679|-1376856989: 2227 (13), 30768 (12), 3390 (23)
232620818|1649260891: 659 (14)
1109010847|-628616661: 30768 (14)
-1337658357|-1541283948: 1358 (26)
-1714067220|1005881154: 2738 (17)
609195637|-1726653429: 1978 (32)
-896940742|933864186: 2267 (12)
1357127942|-417274187: 3370 (14)
1170432163|2080473314: 2452 (30)
-1648449976|221752608: 2933 (30)
925724832|-1863250336: 742 (13)
30874766|-1061798736: 3038 (10)
-1996361800|-19781828: 12220 (22)
10975150|93457009: 8324 (11)
-865997834|-1904183970: 3063 (13), 3390 (13)
1524186259|-1673973428: 1350 (17)
1037744429|1328617534: 1764 (10)
-1617133246|-703320633: 1357 (10)
-2027290695|-494065932: 30541 (30), 773 (14)
-783618056|781078262: 3300 (25)
-689224910|1822688277: 1350 (15)
-1585816881|2100947013: 774 (18), 707 (12)
1508403997|748332501: 2745 (10)
1466167152|-902784194: 2942 (43)
1670079931|-1367608728: 2267 (32)
-102334073|2129835559: 3370 (32)
1835872408|254344983: 3901 (17)
-1410535430|-1601398736: 1357 (15)
-395958731|-1510839215: 2541 (33)
-9883148|1552103603: 2527 (12)
-1520137854|-584923035: 3901 (12)
1230593125|1161935511: 773 (37)
654748475|2054338251: 1749 (17)
-88923959|1214929705: 3901 (16)
1009975211|-405914610: 1357 (16)
2142778980|-491730833: 2738 (12)
399226326|1809036394: 2347 (11)
1808214364|-1421541325: 12220 (14)
-442103288|595758555: 1220 (11), 1282 (14)
-73996639|-557110922: 2346 (14)
-1766654625|1912555896: 1487 (12)
-1643263656|1186268407: 8324 (18), 1350 (12)
-225270304|739483380: 3321 (15)
1983310523|1457979231: 1282 (19)
1796225365|-405913211: 31028 (25), 2617 (13), 30898 (14)
88417606|1510177525: 2267 (24)
584392522|1386446606: 30768 (10)
1227422316|496551859: 2227 (12)
-11553858|2091785885: 30411 (32)
1978328793|827200131: 3517 (32)
-939993862|461723978: 2267 (35)
-1931836002|1730308251: 2868 (15)
205533411|-1944299755: 1357 (18)
1338702124|-1990024332: 12220 (14)
-965975750|1914867257: 707 (10)
418086985|-70614345: 2202 (10), 1422 (16), 261 (45)
-1730591968|-203970758: 197 (28)
-2119184106|-419471859: 3387 (18)
-208505189|1902684678: 2267 (12)
117588863|-66740350: 1282 (19), 774 (10)
1304221729|1143440650: 3390 (14)
1635395371|57875816: 1350 (11)
-553709195|2035304899: 31028 (29)
-2075628428|-176846687: 31028 (50)
-367169433|1220064209: 2267 (34), 1282 (10)
-846378389|1075361322: 3390 (16)
-428728019|1471509983: 2218 (26)
-1262948472|-121026084: 773 (21)
245877176|974121796: 2267 (13)
-1798689404|-360272117: 3370 (16)
-1140798677|-1141976980: 725 (12)
-982167430|-208336239: 1770 (11)
-443826037|1384417234: 2608 (12)
331193112|415638227: 2267 (12)
-222250023|1740338455: 1764 (14)
-321579338|-1898109968: 2130 (13)
-1979052341|571739613: 31093 (12), 31223 (17)
1008574199|-945975910: 1748 (11)
876713220|934767777: 1357 (14)
360067643|-555138485: 2737 (41), 2740 (20)
1830482626|-1043697497: 2745 (10)
330395172|1966249167: 1307 (10)
-108023008|2114453856: 2869 (15), 2874 (10)
-565842405|461625573: 1221 (12)
-912074986|369038281: 2745 (11)
-1224127504|-1593313375: 1307 (10)
-1238916165|-556668479: 12220 (10)
-761996165|197664789: 1978 (97), 31028 (23)
1236345092|600301565: 1282 (75), 2267 (18)
1824696617|-721495769: 1374 (16), 31028 (58)
-1391499975|1291277386: 1358 (16)
1335697619|-1145913351: 31028 (14)
656865954|1666226303: 707 (40)
-82776680|-1242096441: 2346 (14), 12220 (16)
-272974081|-1791405335: 31093 (13)
1481067638|1620586369: 774 (33)
1022956888|-800250281: 2933 (12)
15588467|-1460274888: 31028 (12)
1778356903|-1579028919: 2218 (10)
-200788055|2002769533: 31093 (43)
1286525628|-1563118048: 1221 (10)
-1281680181|-271752711: 773 (55), 1221 (12)
607998427|-740519251: 31093 (35)
-1814421961|-1023829423: 2396 (22)
-1936987513|941515901: 2414 (13)
729756813|238930583: 2453 (13)
-1627899671|-1043244098: 2996 (10)
-698195543|272882295: 2285 (30)
2136740626|-425333636: 2267 (12)
888781920|-430664541: 2396 (24)
732448976|481520271: 2420 (22)
54609700|-1856172456: 1221 (13)
-161656947|844340845: 12220 (27)
384811714|668786892: 3370 (16), 2090 (14)
1042621549|1991548843: 30606 (11)
392617612|-758735881: 3063 (64)
247858546|343065342: 2022 (59)
-1380607585|766201927: 2617 (45)
-883706240|-1999099940: 725 (39)
-95290090|2069517869: 3899 (19), 3322 (13)
-1694351714|1219157312: 31028 (20), 3309 (10), 2541 (11)
-178838899|-177740240: 2267 (20)
-758703999|-37231669: 1770 (11)
-1035491520|1291249762: 1357 (11)
-1801029471|-113139054: 30541 (10), 1221 (10)
-295941637|1663530319: 707 (17)
1756656668|-855477531: 774 (21)
-1876539954|-1667154059: 2608 (21)
-1866007352|1276679744: 1161 (11)
1581369030|-872540181: 1740 (15)
-1474737311|-597560219: 2452 (10)
1885638026|-1386751577: 2933 (10)
-1802176454|-1070282695: 3390 (38)
410935784|-1319093591: 1282 (17), 8580 (21)
1024321989|1180253299: 2673 (10)
484997479|-1082099810: 30833 (10)
-1082651213|1159001926: 1749 (10)
210783937|-1095385532: 2617 (11)
-664438852|-681195448: 31093 (11)
-1331032730|-996314445: 8580 (19)
1857601632|356041288: 2267 (11)
-1925616761|-767841653: 725 (15)
-1136975855|565828474: 30768 (13)
1082880548|-2848818: 8580 (10)
335408295|-341759347: 1539 (10)
1975681122|-1763341424: 2347 (29), 2346 (24)
-1693596729|-843125865: 3779 (27)
268591712|-872799888: 3836 (15), 3818 (12)
-422628147|1539050632: 8324 (12)
1293938318|-2091466183: 773 (14)
641809671|186400183: 3390 (10)
328029772|1106509053: 12220 (17)
2024633673|-1181067342: 1282 (10)
180204364|-1480163233: 2267 (12), 773 (11)
2039751181|-1194374990: 2267 (69)
850817897|-999786141: 2868 (53), 3063 (14)
1421000696|1589517422: 707 (45)
-1731061771|-498236276: 2284 (43)
1835391254|-1380391558: 2266 (38)
-2003165721|390276001: 2608 (17), 3063 (10)
1217737633|-1730241407: 30216 (17)
-2107909408|200156757: 1307 (10)
-886310282|-2111249745: 659 (11)
719957701|637990348: 192 (14)
1344891784|322732117: 707 (23)
-1672887419|-1345382217: 3704 (21)
-2074334115|-131627574: 1357 (10)
1277482817|-1225678296: 2267 (10), 774 (10)
-1345490770|913538221: 2267 (15)
899716242|-419809054: 2090 (14)
-1001144950|-1438016114: 8580 (27)
757477693|1509154264: 3321 (17)
66869529|891525090: 795 (13)
1116982206|1438352964: 773 (13)
-295427093|1359801208: 2745 (28), 12220 (10)
-1865433331|-436990192: 1282 (24)
594053188|-2017603202: 1965 (13)
920324136|1597146363: 2452 (10)
-291057981|772057401: 2933 (10)
-237677519|-115949677: 2868 (19)
-1747871584|1673583262: 707 (11)
-1718714554|-217362739: 2745 (11)
-416947296|1207151269: 8580 (11)
-1352154651|-957059832: 30898 (10)
1059808223|-837666098: 8324 (11)
1404309351|-1531666227: 3963 (11)
-1158216363|-2051961278: 2203 (34), 774 (63), 2267 (23)
1859723468|-333225447: 2219 (34)
1980643775|-338923808: 3779 (30)
-50227176|-309812217: 3837 (30)
787847410|-1916300589: 2196 (30)
-1815513428|-1507376550: 2745 (30)
-312284598|316646962: 774 (11)
-7310675|-1381576174: 2608 (10), 12220 (11)
1555162838|-1708908810: 2745 (28)
1922246266|1739125951: 3390 (11)
-1763142426|418670371: 31093 (17)
-575724592|1565933063: 2138 (18)
188950163|63558962: 31093 (12)
118532094|624738310: 1163 (27)
1115043011|2098263735: 31028 (16)
-388280611|-1035293036: 2942 (13)
-862115788|1084572621: 1350 (18)
-292050051|449326108: 31093 (12)
-867801780|2061756928: 2347 (19)
579413737|565742087: 3779 (15)
-1450801330|670843104: 3837 (15)
2054326180|1202943540: 2434 (14)
165865306|-247326841: 2267 (12)
-703543620|-161011283: 707 (21)
443575985|1251258703: 3321 (13)
1500570769|200090848: 1357 (11)
490431488|959936889: 2426 (13)
447209799|976636325: 1374 (21)
459153661|1824469871: 1358 (15)
-104045289|-1678059300: 1371 (15)
37168594|-167229449: 836 (15)
1985587306|-692369842: 2219 (20), 2217 (12)
1854845209|-783005001: 1858 (20)
-2116935068|623139697: 3964 (20)
-370037977|1237547316: 2284 (22)
474375620|104208578: 2268 (15)
-491234240|-1577295490: 1770 (25)
66205481|-210480445: 773 (18)
-1806403015|-815423081: 12220 (10)
-1051311629|896759706: 707 (12)
40657653|-1127595807: 1318 (11)
1875352303|1431622075: 277 (16)
-372196692|1125322024: 3885 (14)
-131211117|180425708: 12220 (16)
1904965765|-243188063: 1221 (11)
-836398968|1154492020: 3063 (26), 1764 (13), 31223 (10)
-942410687|-399482073: 1282 (12)
125443754|1342925952: 1749 (10)
-623930024|1645445474: 3901 (17)
474892858|-843585979: 1357 (17)
1606714357|-926346716: 2738 (14)
2131174166|625771927: 8580 (10)
1645307786|2019283733: 3690 (11)
741666254|1603073241: 2868 (29)
1244668255|-983920172: 1420 (26)
550708170|448594754: 2284 (21)
-714805975|1430807220: 2266 (20)
815475160|-273439633: 2608 (13)
-258734178|1613634383: 30216 (13)
-1479898184|-1530615563: 773 (10)
-740506312|-212952142: 1770 (13)
-175075500|1791930090: 773 (11)
722905239|47980650: 1318 (12)
-211063172|1944718760: 2868 (12)
-1787845907|-381917019: 707 (11)
1494158048|1439690823: 2284 (12)
-1397177341|440046001: 2266 (12)
-310305479|-859549148: 707 (20), 2267 (29)
-2000472430|2063761504: 2740 (13)
1524860486|911322801: 12220 (13)
-1988505126|-637434935: 1749 (13)
-254602835|1453692054: 3370 (14)
-1937627394|-145382269: 2267 (24)
980471076|1514697338: 707 (16)
-577131915|-350448580: 2998 (26)
2147211163|-921455840: 1350 (10)
-1059749339|-725906687: 31093 (15)
644515648|-948092184: 1439 (24)
-978480378|69259767: 3038 (24)
-622035237|789003835: 261 (21), 1282 (31)
-1758923545|-996830031: 2738 (22), 3899 (12)
-1152921287|-416845754: 332 (16)
340255612|-1444023041: 3241 (11)
43496762|1765007959: 2267 (51)
678802780|-1300588912: 2868 (30)
1316059597|682423197: 8580 (22)
-1492847238|-619269173: 2284 (15)
1656079941|-1090529243: 2608 (18)
1538338989|-550288772: 2284 (11)
-1375273394|-1866062966: 2266 (10)
601495162|-1723225511: 3964 (17)
-2095274097|1195031488: 2267 (27)
-1791505935|1855623535: 1371 (17)
-1359444834|-840369693: 1358 (16)
-1371915654|-1588859108: 1221 (23)
-1742612614|1692526819: 3901 (14)
268291467|57015623: 1163 (14)
1251696310|1531562998: 31028 (12)
1666704440|-824334527: 2267 (31)
-1018333616|-520120867: 31093 (10)
563134363|-994406760: 2107 (25)
-868889800|-2007314501: 1221 (24)
-1974445963|823826059: 3322 (11)
-533647281|-1185348439: 8580 (85)
155499768|1256408319: 31028 (68)
1729208555|-147947633: 261 (18), 1282 (29)
1082235623|-7439756: 2216 (18)
756008165|-925582969: 2284 (15)
-659027450|-2027825039: 2266 (12)
-333659623|418652733: 31028 (15)
-2109088246|-1522984627: 2267 (13)
-1943031283|91864302: 12220 (16)
-6293770|-667010847: 1965 (62)
482016108|-861718659: 8580 (11)
1199512715|-998464142: 1350 (10)
2012018949|474814059: 2346 (27)
449372923|-1283885467: 1420 (32)
1881923694|1822352627: 2868 (22)
372190463|-163020290: 773 (21)
-2121702929|-900107606: 2284 (18)
-1053723544|-1569347527: 6947 (16)
-394850243|-1337999045: 2843 (16)
1309437219|-1570268667: 707 (13)
-2106800850|513016551: 2942 (11)
882800020|-1340058261: 3028 (11)
-854375764|-2102947260: 2267 (10)
-53248022|-915485849: 773 (19), 1221 (11)
1802842874|-176211917: 31028 (20)
85995241|1219625795: 2333 (12)
525377147|-1162180271: 12220 (15)
1641560648|1325838863: 2347 (11)
-1894286867|341692936: 3779 (11)
68737098|303634671: 3836 (10)
621252406|1637083052: 1770 (61), 3370 (14)
1666836997|532936483: 773 (19)
-184572139|600966263: 2284 (16)
864422366|-1946657318: 771 (16)
440141677|2011772503: 1350 (12)
-1194796179|-518974217: 3321 (11)
2099686564|1222872378: 2617 (19)
-479415555|1445299708: 12220 (12)
-1886957110|1489442992: 725 (13)
-1098573220|-1421514431: 30768 (13)
-669146429|-1253390179: 2527 (12)
-1529527494|-437852637: 1350 (12), 707 (56)
-224462619|-1619895477: 774 (11)
-1544673426|2116166675: 2073 (11), 1026 (19)
1587546136|-884633660: 1282 (14)
-1231398704|1631113593: 1422 (19)
1103849062|264962343: 31093 (11)
439718185|1738480440: 2745 (18)
1959310072|-1187781878: 1282 (17)
1029735477|988939323: 2347 (12)
231565721|821795019: 773 (12)
-1057214584|1515745250: 773 (10)
-1040998722|4040315: 2617 (12)
1160153899|-591780109: 30671 (11)
-1011587976|-1777259281: 2434 (14)
631556877|1549200581: 3899 (12)
-1946264987|1624398227: 2208 (24)
1121338423|-1211726449: 771 (25)
1528579284|2011128559: 1978 (13)
-1069958741|1607507207: 1282 (13)
-448122490|-1461085219: 2082 (11)
-1762574419|187347520: 2267 (17)
-2074149890|1368552100: 706 (12)
-1621911894|-1546543049: 2284 (13)
1793349705|-333135423: 2266 (11)
-1121982860|2091397748: 798 (21)
-589735457|1729392307: 774 (21)
865226141|-674052719: 30898 (13)
1609388260|-485546093: 31093 (17)
106432204|249528690: 1770 (11)
1756752695|1494580929: 31028 (39)
115406628|-455588431: 2267 (36)
-1128152984|-1241179291: 2267 (12)
1792034632|-1145789991: 1749 (10)
-1932274388|-2003030986: 2683 (10)
778834862|1602520504: 12220 (11)
-354531057|-34337386: 1221 (14)
-1391077294|360487870: 2284 (12)
-1548089866|-1306675497: 31093 (23)
341658138|-1556562389: 1357 (14)
-230153802|364622800: 2267 (10)
1924560270|1320628618: 8324 (10)
77329314|654024634: 1350 (10)
561040680|-327663542: 2738 (14), 3899 (13)
-1972288921|595333732: 2434 (12), 1282 (14)
1818357010|-381955506: 3899 (12)
-902067188|635871600: 3390 (11)
-168914889|182947869: 30898 (16)
-366184806|11627876: 2452 (62)
844214385|1904689318: 3899 (57)
-153282977|275242671: 2331 (36)
94690376|-1989203052: 2347 (32)
566770880|109020297: 2267 (13)
-829083374|2143547630: 1350 (13), 1221 (13)
-1199054265|-373558263: 2999 (20)
1849962069|148598867: 2942 (12)
-2038783243|-893442426: 2347 (12)
-873304901|-1498707129: 725 (10)
-1990287281|-1756666170: 31028 (10)
-418661284|713448886: 2267 (10)
-1281027392|921254029: 3322 (16)
750929174|-1350996161: 210 (15)
-117115277|814273645: 3779 (11)
1913346004|919346826: 3836 (11)
-854217192|1389062795: 1282 (23)
-1083544822|-1323654173: 2267 (28)
211606417|-610011633: 2541 (13)
1429146229|274212925: 1895 (10), 31093 (22)
-1358771638|-733670210: 31028 (13)
525649958|-1980138494: 1422 (13)
-402262384|-418730916: 3958 (13)
1789767259|852553717: 31028 (10)
384465473|730101943: 8580 (13)
-1501573666|-792381732: 12220 (10)
-1051208103|1770532814: 2267 (12)
-1853815566|1387015106: 3070 (11)
344945230|1155709941: 2999 (10)
-1939308909|-1679678013: 12220 (10)
-1512446970|-1382474570: 1770 (11)
-2087342486|874064366: 774 (10)
-149580892|413303989: 773 (13)
1622400692|615741409: 2745 (11)
504906322|-1874095223: 1282 (10)
1998625530|472762500: 1762 (10)
-1235663318|965319376: 1749 (10)
-2022940199|1487055639: 30346 (1771), 1350 (164), 2434 (28), 1858 (21)
-894916459|-1181572298: 2998 (575), 2868 (1152), 30898 (34)
-394350242|773859735: 1153 (437), 1357 (38), 1350 (38), 1422 (65)
397173449|-227060532: 3517 (170), 30963 (267)
-1283004471|1066512847: 30476 (154), 1350 (10)
1762272828|1697943478: 2803 (147)
-164877942|518916571: 2396 (11)
-377627334|-469108745: 2414 (11)
-740068241|1504389507: 2617 (14)
-2055249084|-494858973: 1282 (14)
282890608|1199564516: 1350 (1643), 1669 (26)
265655104|162432496: 2745 (1365), 2942 (272)
1904086950|-1118412392: 1669 (223), 2117 (1020), 1153 (44), 30411 (73)
560709539|-1611059395: 2237 (178), 2942 (46)
1952397921|1445642462: 1162 (93), 8580 (58), 1227 (20)
-72365752|2035748988: 2942 (93)
-817413245|488405290: 1227 (77), 30411 (15)
1836260371|1240371019: 2803 (48), 2608 (18), 12220 (22)
-2086145463|-1183789374: 8580 (34)
-1410041711|727637494: 30963 (16)
-501666558|56309591: 2266 (16)
658490656|-1332241014: 2285 (16)
-429785174|-1403095954: 30476 (16)
1022180959|-151303657: 2659 (16)
-310663342|-1446041122: 1153 (16)
313095365|1972917381: 3517 (16)
-1232866875|-1199656570: 1282 (16)
-1812956696|1330100060: 12220 (13)
441901566|-1274570223: 707 (13)
-701085197|150209267: 2745 (11)
-1466051307|-1140005221: 8324 (11)
-478731741|-1342784789: 1153 (47), 1422 (16), 1350 (16)
480637364|1939982256: 30963 (37)
1430823975|1537486097: 30411 (36)
-13312621|527650057: 2942 (20)
-351962229|1913604185: 2266 (24)
251314042|-923496830: 2284 (28), 2285 (10)
-78810727|-2029916300: 2434 (29)
492691180|1296445278: 2738 (20)
825424690|1861536681: 1292 (14)
411910642|1617213593: 30411 (202)
-1842867051|763671687: 30963 (202)
-82022955|213266976: 705 (59), 1153 (130), 2332 (14)
977358920|665095594: 30898 (28), 2942 (16)
1439341247|-426683499: 1350 (13), 2268 (14)
645002215|-599325525: 1762 (10)
778827923|1718484406: 2942 (328), 2608 (660), 31093 (18)
444822104|36082912: 1227 (128), 8580 (195)
-1195954744|1456759425: 2237 (112), 2803 (16)
-310138870|-1626895006: 2721 (48), 1162 (37), 8580 (12)
-517476245|1651653266: 2739 (48)
358103587|-967469187: 705 (22), 1487 (10)
-186897555|-462404367: 2874 (10)
-349769055|-1997675370: 1153 (82), 1422 (58)
-1458962682|-1936467847: 2942 (52), 2745 (15), 1661 (13)
-1646168627|-388452049: 1350 (47)
1058384333|2116064143: 2745 (94)
1102984491|-891783193: 1422 (72), 1292 (14)
-1225847907|-1540642887: 1661 (16), 30963 (39), 1770 (11)
-198612344|-493972559: 901 (11)
2112082268|-1888832603: 1350 (713), 1153 (307), 1422 (156)
-552137380|429035781: 30963 (416), 1661 (35), 2673 (231), 30898 (29)
-1761978161|832011172: 1153 (324), 1422 (85), 2434 (15)
1240573835|-453547271: 30898 (32), 1661 (110), 1699 (45), 3389 (141), 2738 (53), 3321 (23)
645557628|633517254: 2266 (28)
315235541|857147267: 2285 (23)
-745265569|803139175: 30476 (22)
152627114|1971048478: 1187 (22)
-1816275966|-1708426497: 1161 (22)
-1423419858|-1326875465: 1762 (24)
1783728894|-1790103837: 1746 (24)
-1950023930|160924413: 1661 (24)
-922575341|1328723701: 706 (24)
49724667|-1720012995: 729 (24)
1879631115|44242464: 707 (24)
462173226|404288137: 12220 (24)
-295381291|-370130282: 1569 (635), 2721 (25)
-1653260067|-506127758: 2942 (612), 2803 (18)
-1449276906|-2053213404: 8580 (566), 1227 (34)
-1569784398|1963832688: 3389 (429), 2237 (16), 1837 (54), 30833 (65)
1784386997|-20539692: 1227 (70), 261 (354)
-932197851|-1439407947: 2803 (18), 30833 (52)
649798783|1521099068: 1162 (16)
-1454647466|1977086366: 12220 (15)
-2110717237|1396559614: 1661 (286), 30963 (17)
-1057528866|362347254: 643 (106), 1350 (71), 1292 (75), 1357 (23)
21130690|-1773507962: 12220 (61), 30963 (36)
-1998260780|1829390283: 1032 (41), 30476 (12)
-1841241975|1691786082: 1282 (10)
292570620|-222997836: 1837 (191)
15750993|-257681444: 30411 (136), 261 (55)
-1974140362|-1119609918: 2780 (135)
914335146|-952442667: 2721 (130)
987495883|978278181: 2739 (130)
-828098685|-1637287222: 2331 (130)
1037958548|123736049: 2411 (130)
-219984937|-714683902: 3779 (130)
2045569648|-752746267: 3836 (130)
1839663054|1078831903: 1487 (59), 1153 (66)
-1874773770|-428257658: 3899 (23), 3322 (14)
1229159258|-1584856848: 1153 (23)
-1231968051|2111733163: 31223 (38)
-352836539|-199949863: 1422 (13), 1153 (11), 1350 (52)
-93733247|351021280: 30346 (720), 1350 (59), 1858 (12)
-1753982178|-51688249: 2738 (520), 2868 (141), 1699 (57)
1783942040|1937235374: 1350 (341), 1153 (161), 2266 (12)
-929032296|-443547890: 2942 (345)
-62349997|-2117822888: 1292 (124), 1153 (245)
73639166|768395965: 1422 (18)
773163196|-1021686149: 2942 (18)
452788855|-1487853779: 901 (18)
1051692073|567793254: 2998 (12)
188204702|-1571660047: 1539 (12), 2266 (41), 2434 (55)
-77423456|-1844374087: 2745 (15)
-2050424762|652866001: 1292 (11)
-2144978406|-310325046: 12220 (11)
664739721|357842014: 30833 (348)
1152186175|-1718791861: 1112 (348)
-1720885153|2011641925: 2803 (126), 12220 (222)
2008649221|-2022082100: 1162 (125)
-129401556|-1476089490: 12220 (123)
-1821811159|1349321249: 1487 (132)
1854890257|-161880136: 3690 (46), 3901 (25), 3194 (27), 2090 (29)
270859767|1117848528: 30411 (45)
-1702778736|255922126: 3321 (45)
-1315216263|1366013616: 1422 (16), 1153 (105), 1350 (18)
-229817510|-1886481654: 1162 (76), 30216 (49), 1487 (67), 30411 (17)
2109583475|-1594670168: 30963 (58), 2803 (18)
877716960|-1997100791: 2268 (55)
-1863418995|-485083858: 2285 (55)
1370505479|-2106166: 2325 (55)
-197368800|-1552134039: 2346 (55)
676166527|401256166: 30476 (15)
-1967544449|-2129490874: 30963 (29)
-1017842964|-1458084121: 30411 (26)
1764264792|-306182401: 3389 (12)
-288882065|413767722: 2284 (46)
461360268|1465711068: 2434 (38)
-797186858|1678271226: 12220 (10)
-1647219639|1597482253: 705 (18), 706 (20)
1098009258|1448331260: 3389 (55), 1661 (58), 1699 (44)
-1991826771|-577182632: 901 (63)
-1391088397|1528698131: 12220 (106)
615724261|-1604437922: 8580 (101)
-842614702|1407481864: 1699 (98)
-713657337|2038974708: 643 (89), 2325 (17), 1539 (11)
348355099|-94709628: 2608 (82)
-724806563|1976002468: 30216 (46), 1674 (36)
-1429843785|2077471320: 3322 (45)
-1559692473|-2076713177: 1674 (35)
1566594554|1685634124: 2739 (35)
-1443732032|-1833807976: 1858 (21), 2434 (14)
1185871549|1724014174: 2804 (11)
630767065|-832927305: 2998 (61), 30963 (31), 2868 (64)
-704573110|-171542904: 2434 (15), 30346 (26), 1422 (10)
806469183|1065465506: 3517 (15)
-1901274063|1627462851: 2942 (44)
-1169926406|88765845: 30411 (16), 2117 (34)
820052893|1219131787: 1764 (15)
1194512683|-1256674198: 1749 (15)
-1702405415|-2030026360: 1661 (18)
-666813492|-1046121088: 2715 (18)
1922594670|-1803874434: 2737 (18)
-1037446370|-1201001993: 1221 (18)
-2048769469|1357037535: 30963 (12)
-1156821338|-288980743: 2942 (319), 30898 (90), 30963 (263), 2998 (16)
-1880832915|-1970411089: 30346 (239), 1422 (66), 30411 (10)
-1038086879|1807606158: 2998 (77), 2868 (71), 30898 (52), 2673 (20), 2738 (18)
-520743702|-66098385: 1422 (12), 1153 (64)
396831324|-1828930703: 3517 (11)
-1282560164|1595563634: 901 (12)
-447634993|-562959941: 1661 (13), 1770 (16)
-1483226918|-1730880077: 8580 (12)
-1402669186|1749490663: 12220 (12)
-951790469|-1875988312: 1227 (11)
1295310189|456572246: 2780 (55)
-775465438|1753164359: 2325 (53)
1951101701|886875876: 3389 (52)
-1132586238|-1088977600: 353 (51)
-479466441|1680611694: 2346 (41), 2411 (11)
-209906240|9283060: 2308 (41)
-1673158336|92959869: 12220 (42)
-144342459|-35397838: 1153 (12), 30411 (30)
-106453233|1252898627: 2426 (48), 1978 (39), 2608 (25), 2868 (15)
-401775947|-1819496094: 1153 (48)
400535842|1339804729: 2868 (45)
1910209971|-720525004: 2005 (45)
301346903|1220027167: 2981 (34), 1829 (10)
-2096182840|772909432: 773 (15), 2975 (14)
1250585950|-1193800905: 3517 (38)
-291444642|1967058484: 1422 (38), 1153 (19)
1659456020|1159193186: 773 (10)
1969976552|1564864797: 1153 (37), 1422 (42)
1313454062|-1925395477: 2868 (21), 31028 (58), 30898 (11)
605524625|-640277635: 2942 (71), 1827 (22), 1661 (35)
285153370|-1113765333: 2332 (45), 2434 (26)
-633027375|-353145150: 3309 (45)
-47278937|-1010830314: 30541 (42)
-1420983066|264018964: 30898 (42)
434199781|1319900851: 1350 (42)
1784296893|1954169229: 2745 (36)
293510541|1391426255: 30898 (14)
2130007930|-1814387472: 1162 (14)
541724939|277414348: 2745 (13)
1591840237|-1536039516: 1350 (13)
-46858427|-1107695115: 2942 (25)
-908298866|-642613085: 1227 (22)
1810377246|-1925155134: 2738 (14)
1200033728|-1359834571: 1350 (13)
285362068|998704043: 1350 (1125), 1153 (53), 1162 (34)
1656303308|22107285: 2868 (223), 2803 (582), 2745 (295), 2998 (18)
79553117|-1685638760: 30411 (189)
-1910982854|-697877114: 1762 (189)
1874347833|-84671532: 1749 (189)
-1307718453|-923996618: 2745 (113), 2608 (56), 2942 (19)
-861515731|2081688158: 1153 (115)
863273914|-1606191355: 3259 (64), 2608 (45), 2803 (10)
545720444|-900554378: 1282 (45)
99909713|1030465452: 2608 (40)
-973361641|-1292494708: 1347 (10), 707 (22)
1651727139|-1334157888: 12220 (28)
-338312395|1262121101: 8580 (18)
44060546|-1199558437: 2803 (13)
-490697036|344323430: 2739 (25)
381633788|-1331537783: 8580 (25)
-729316271|804478662: 30346 (61), 30476 (15)
1208809541|1659708281: 2942 (25), 2745 (34)
-1381251114|-1433911375: 1422 (10), 1153 (30)
195663238|-781417147: 30833 (14), 2803 (14)
1449378706|-1505090808: 8580 (13)
1390848189|-654296733: 30411 (220), 1153 (10)
-666632742|-1797245571: 30963 (220)
-1317567334|-1244482598: 2332 (113), 1153 (46), 2268 (32), 705 (24)
1528132802|-343147723: 2218 (22), 2426 (91)
-761213184|-378904751: 2203 (15)
-675192895|752273044: 2868 (12)
338042005|-1056609611: 30963 (12)
-816005824|-1811786065: 3389 (20), 1699 (11)
124376391|533296395: 8580 (18)
211477219|-279268513: 12220 (18)
1740292582|389224464: 30411 (18), 1097 (13)
-316697471|1523782670: 1699 (17)
-1967984662|-510041093: 1661 (36), 30963 (98), 30898 (22)
-931885313|-1489217549: 706 (27)
58764311|1903447611: 3353 (13)
-404172293|2050732687: 1153 (33), 30411 (25)
406454892|-1502818348: 31028 (16)
1986993791|463598756: 1292 (11)
-830604781|149001227: 2942 (10)
-1941485648|-2120595722: 1633 (40)
-1792623608|-1880411836: 30411 (15), 1227 (18)
1648058908|1289440066: 2874 (14)
-1475428749|1509785759: 30411 (22)
581692180|337480833: 3194 (22)
1254076792|850066708: 705 (13), 1350 (58)
-1422155722|277819032: 2868 (13)
-851481433|-1973859435: 1099 (12)
1099169315|957257803: 30963 (13)
430979060|-1222748511: 1153 (13)
62139327|284619764: 706 (58)
-935327401|-960566724: 3353 (51)
1504567798|1201149602: 901 (51)
2113892264|-1054939159: 12220 (62)
-195430466|979290788: 8580 (61)
489454345|-907769102: 3321 (24), 2738 (36)
-735755729|270995695: 643 (15)
361778227|-1812627297: 2738 (13)
973040109|-1337498520: 1867 (10), 197 (12)
105462219|-566786220: 2673 (10)
993859979|1843784870: 2325 (223), 30411 (41)
-1632551764|826695685: 2803 (223)
1885721334|-1042800244: 1380 (217)
-1781936876|-288701107: 1837 (217)
-2075533383|-321159131: 1153 (83), 30411 (116)
2073758766|814546302: 1180 (80)
1955389511|943434858: 1163 (80)
764866571|1098906855: 3389 (76)
-442263540|-894116029: 1282 (60), 1858 (16)
-1060106207|1032706457: 12220 (23), 2745 (36)
1232504887|-959580972: 707 (22)
-2062147526|2050911286: 3321 (14)
1277106460|-1543637461: 8324 (15)
523210728|1087633865: 2738 (32), 3517 (27)
859875894|1667308862: 901 (23)
387064936|-437785483: 30963 (23)
541008599|-904700844: 1350 (59), 1153 (81)
-2100560169|1558937332: 2942 (39)
-222184822|1297059999: 30963 (13)
826498775|-363434491: 643 (22), 1867 (13)
-252292917|1770323573: 2673 (12), 3321 (13)
1839191278|-1922833137: 1810 (22)
-73003609|303138125: 3321 (23)
850343041|-875421872: 1350 (15)
-1457730708|378682129: 30476 (13), 30411 (12), 1350 (15)
-1938964330|-238086884: 30411 (496), 2117 (79)
113808881|-1137764094: 1762 (491)
-412588558|-1866717360: 1749 (483)
987622912|-1566258510: 2942 (483)
238380235|-957373468: 1153 (479)
-236472484|448323263: 2608 (411), 2745 (22), 2998 (45)
837327130|-1792712289: 1422 (27), 1282 (153), 773 (53), 2434 (62), 1487 (48), 1357 (43), 1669 (25)
-960911444|-69815871: 31028 (20)
-1460880449|1176210097: 795 (10)
1754955056|1572202576: 1112 (14)
-1252267440|-1277197986: 2237 (12)
-1239190500|950015906: 1422 (41), 1153 (79)
2109789986|-1341926612: 2932 (24)
1129661164|1051552501: 292 (22)
82273981|-1466812318: 3901 (19)
1172444900|1358722356: 1764 (15)
842122322|-1387355947: 2332 (11)
-125167399|-98532292: 30963 (11)
-1318630070|-769298787: 2138 (10)
-2053060838|1859009314: 1837 (10)
276602269|-847341514: 1746 (10)
1383666753|1994343146: 30963 (32), 2745 (28), 2868 (11)
462701010|1591388235: 2266 (32)
-558716432|-317324650: 2285 (32)
535597946|-236983438: 1292 (19)
436447526|985057897: 1187 (12)
-220128459|-960271784: 1422 (97), 30411 (108), 30346 (30), 1292 (18), 1097 (10)
627640656|-1593321984: 2942 (33), 1978 (18), 2998 (28), 2738 (14)
293700507|-984826026: 901 (33)
903024069|1137331741: 2868 (29), 2738 (19)
1406648660|-652465392: 8580 (27)
1478817520|697298244: 3389 (28)
-1877893385|-1572548896: 30346 (14)
-1890833478|-1371522345: 2434 (28)
1767670991|1678244605: 2868 (22)
257443934|-19816464: 707 (22)
-1019682733|1109526290: 2608 (15)
53988885|-843073486: 8324 (15)
-1315418900|537256120: 1837 (41)
-2134805870|723765718: 2331 (11), 1221 (30)
-316184085|1746247387: 3063 (38), 3321 (13)
-43159412|29364181: 1669 (20)
-38462327|-1621020040: 1762 (20)
1020051545|-1161469908: 1749 (20)
-512144469|-1998746162: 1177 (17)
-8622101|1312384305: 1161 (17)
-730034602|2116498108: 2107 (17)
970586869|851932063: 2138 (13)
768040054|-2028254682: 3322 (11)
1953290042|-729216873: 2267 (33)
1062110814|-1473365690: 30833 (17)
470987306|-1247170307: 30411 (148), 2117 (102), 1153 (42)
-1766332595|-129385245: 1762 (148)
1998001998|-723877199: 1749 (147)
-1432183620|-423465133: 2942 (102), 2998 (19), 31028 (14)
-1639311753|-2104949243: 1153 (102)
1637402080|1591638878: 31028 (88), 2803 (13)
265148915|-485277650: 2139 (88)
-854946247|1282028998: 2803 (86)
601776227|-1124830129: 2434 (77)
-397709960|-1538072652: 2868 (58)
-1907383831|1048885945: 773 (56)
434760953|43338221: 2218 (22), 3321 (12), 3390 (18)
-1872996549|7662985: 1282 (21)
345706807|1646028613: 31028 (83), 1965 (44), 2868 (25)
2060324132|-539927499: 1371 (22), 1115 (58)
-351528570|-487942888: 3389 (16)
1486709377|-2112615872: 2942 (94)
-145065872|-1126278509: 1162 (15)
2024442713|-1817998799: 30833 (12)
1067393371|1274940270: 2803 (21), 2745 (14)
-747096157|720668978: 3322 (25), 3321 (50)
1277124725|-1285235072: 3297 (23)
-454359550|-1145931282: 3323 (19)
-1584786905|1043821948: 2942 (42)
-1788700436|1518083114: 901 (38)
1789938555|-2043977359: 1661 (11)
351381851|-1065179675: 1282 (36)
830611830|935043903: 1762 (11), 2608 (10), 3389 (11)
-251920986|304083307: 1749 (11)
528738671|-1039450790: 2803 (15)
-779211802|1000476885: 2331 (16)
586670577|-1565858322: 2347 (11)
-1389069526|89605176: 30963 (10)
1581332314|-630014355: 1350 (88), 2434 (25), 2266 (122), 1858 (22)
-596850807|1170075851: 3517 (88)
2017870473|-2007296568: 1292 (12), 1091 (35), 2266 (10)
360920424|-72202645: 1227 (37)
-1212716296|-1354715126: 3389 (16), 2237 (16)
-713021565|-1505777844: 30346 (47)
-1740312881|1192210285: 2942 (18)
1363241950|-828679675: 30476 (38)
-1949455829|-1807850372: 1661 (34)
2025192155|-461489679: 2998 (16), 30963 (33)
870709956|-352138873: 1422 (200), 1153 (30), 1032 (22)
-994786190|-2047796775: 1661 (13), 3194 (39), 2618 (148)
-2039306905|-1017893423: 706 (11)
1962284302|179442112: 2434 (28)
-1830372741|-1057631766: 30898 (21)
-1873024895|1563049456: 2942 (15)
-1531747766|962679974: 2908 (10)
-1545845435|185717968: 2931 (10)
-1017136519|-912488102: 901 (67), 1350 (31)
-942401292|1177359383: 1661 (10), 3389 (43), 1699 (14)
1124549919|1855073491: 2998 (56), 2868 (27), 2803 (11)
-1331762804|1427035116: 2721 (38), 8580 (18)
-1137004051|-1468308452: 2739 (22), 2737 (16)
1212513189|207407603: 1227 (20)
-361683915|1487814546: 3517 (19)
1314627893|-1790387567: 1487 (17)
-1279418867|863780616: 2942 (10)
-2024467258|1463244382: 1153 (10)
-473931331|1778306470: 31028 (14), 2998 (23)
-1919582802|-734791978: 1669 (14)
1337786853|-1194023273: 2942 (19), 30963 (10)
2069203758|-593506367: 2332 (19)
-1309780059|-1947079896: 2285 (19)
209521875|395309693: 1350 (15)
-1366699821|-2122854179: 2745 (11)
455970150|-1949128083: 3517 (10)
-1090058138|1177833326: 1153 (10)
1087757297|-1704775115: 2745 (21)
1048463127|781964893: 1350 (10)
-1331902549|-660123846: 2267 (28)
-71395633|-1543471381: 2803 (23)
359299221|1419657058: 1153 (23)
-356996350|-2000076231: 2284 (22)
521102817|-952359985: 2266 (22)
-84893424|2110252308: 2998 (26)
157879683|1180375595: 1858 (10)
262896738|700085907: 3194 (66)
-496096822|576715698: 1227 (66)
1079670362|1991052755: 2803 (39), 30963 (15), 3901 (12)
-1366386688|-2043458470: 1032 (33)
-541028441|1562454736: 3323 (15), 2090 (15)
1725035396|-1619847307: 2332 (29)
-1402327281|-937610340: 30898 (23)
-1008605704|153677219: 1032 (23)
1675642631|2115305143: 1177 (18)
2112185159|-1192225208: 1161 (18)
1457881850|-1997651515: 3390 (15)
-636544216|-105204907: 1923 (12)
156205422|1044896810: 30346 (15)
-976302314|1991488613: 2608 (82)
96592208|-114422971: 1057 (81)
-423295469|2044749903: 30833 (81)
-2047414619|-180812454: 2258 (64), 2918 (17)
-467076998|717386096: 3389 (64)
740135037|-1593224492: 2918 (58)
1008385095|-1316704065: 2932 (58)
-538054336|373563663: 2738 (18), 3389 (40), 2942 (11), 1661 (10)
-1031445495|-1697346123: 1350 (51)
1618065417|204254997: 2608 (14), 3321 (130)
-1602316721|-2085547979: 1097 (12)
-1276186849|1998385176: 30411 (54)
961264248|989658118: 30833 (50)
2057403933|-1089274603: 1112 (50)
-1486820995|1366856731: 30963 (50)
-292700946|2038267578: 2331 (49)
1026382378|-381491321: 2874 (49)
994327385|1085475728: 705 (30)
60444356|1569975043: 2868 (153), 2608 (78), 1699 (82)
1704886869|-951742962: 2434 (108), 1292 (92)
-2087834336|218254884: 3063 (75), 3321 (16), 1699 (14)
-1708198178|-877258963: 2022 (36), 2918 (39)
962423347|-227572332: 1699 (35)
569222758|-670845592: 30476 (36)
-77502573|-2103014639: 31158 (35)
204018219|1999538665: 1439 (35)
-543932839|-1440069171: 30833 (35)
-1129851153|653468888: 2325 (14), 773 (21)
248090694|716215635: 1153 (64)
-249871407|-152573944: 2998 (41), 31028 (19)
42135362|-847571145: 30541 (15), 1282 (14)
2118137963|1674108477: 12220 (11)
-1050864380|-103491483: 1112 (65)
480019044|398373227: 2237 (52), 3194 (11)
1235748774|-563257720: 1162 (24), 30216 (23)
-967248753|-250573270: 2803 (34)
680270549|26136483: 30216 (20), 30411 (13)
1451630143|261757535: 3704 (13)
1485982571|2015070183: 30411 (22)
-768139764|905677817: 2658 (22)
2084079367|1046597540: 1025 (12)
2108258517|1127363795: 12220 (13)
346588376|302012972: 3321 (15)
-576602626|-876363727: 8580 (12)
250383070|-1589932997: 2283 (115)
-1295265628|904449057: 1221 (115)
-184532487|-580888055: 2745 (80), 3389 (11), 2813 (19)
-1951671009|1771617889: 8580 (80)
-2141656389|-1727301579: 3389 (80)
1215136444|314596241: 30346 (52), 261 (16), 1153 (11)
94981104|-202353744: 1642 (52)
-1374245054|-1345188511: 787 (46)
1701155516|922977071: 12220 (46)
239448505|-815126432: 1153 (33), 1032 (13)
-241737170|322786619: 2426 (32)
1644412894|-2090805162: 30898 (28), 2673 (23), 30963 (11)
227046697|1112868457: 1422 (29)
731315911|-2138528855: 1762 (17)
-353426921|-1523781123: 1749 (17)
928688613|-1758192609: 12220 (11)
1912791693|1198608662: 1153 (14), 30346 (10), 1221 (25)
-1915735782|-1691997107: 3259 (12)
1652710000|1654802603: 1487 (23), 1091 (10)
-1620810424|-996758222: 1374 (13), 2526 (10)
1588177240|1553932383: 1347 (13)
819184485|-881708021: 2868 (13)
-1718831233|2001270090: 1227 (12)
-425723365|-1549838413: 1829 (11)
-1020136956|-175753982: 1811 (11)
413633783|-1561774309: 2942 (11)
743376444|-962437555: 8580 (10)
666644888|909219865: 2237 (10)
695308762|-1911253768: 901 (40)
220405636|143812019: 3389 (32)
-988383357|-2091301353: 8580 (17), 1153 (14)
-823836633|1942650947: 12220 (16)
-1513790686|-1952240884: 1153 (12)
246012547|1139795196: 2332 (16)
-1005451768|344047637: 3309 (15)
-1786295387|-1759266838: 2745 (13)
-349382845|601576322: 774 (10)
967346505|-986707869: 1153 (15)
-965059874|426210616: 30833 (34), 2998 (10), 2868 (10)
-1521896856|-1782704083: 2202 (21), 1097 (12)
1606043001|1990914423: 3321 (11), 2998 (10)
1853651934|1622319751: 1827 (45)
670317985|872899829: 1810 (46)
-1311906584|-1418394441: 2426 (49), 3321 (12)
-1603853998|1918108310: 1436 (46)
-1733489874|1321174710: 2981 (46)
173404849|672533713: 30671 (39)
1772227939|580128709: 3063 (39)
1616144810|-1904981354: 1350 (36)
-1029655126|411854902: 3321 (28)
195660940|-1051725269: 2527 (27)
-963824332|112067384: 3566 (27)
-1432829415|-490419910: 1221 (28)
-313306300|172777234: 1271 (28)
-955521856|-1920852022: 1219 (28)
-254222851|-752818460: 2868 (27)
-1786374129|-1356816139: 2942 (155)
-1586588988|-882128477: 1350 (66), 1292 (86)
-1013620606|-770812893: 2202 (18), 30216 (18), 1292 (27)
-1837771687|-1675962812: 3899 (33), 3365 (15)
1266128885|-605382606: 1487 (31)
-69510463|-256479866: 1764 (73)
-1945597833|218413159: 1749 (72)
1371341701|1058821509: 2237 (34), 2942 (32)
76121671|-154158490: 2715 (18)
-1370436891|-1559117672: 2939 (15)
1407758403|1811878035: 1347 (15)
908227252|1996173619: 2737 (12)
448446025|-81679480: 3194 (20)
-142611487|-255580503: 8580 (14)
-57877435|5759229: 3321 (14)
-2092288839|-37983591: 30411 (27)
166683102|-1336121721: 3901 (26)
41819087|556016000: 1282 (39)
655201250|-702732454: 3517 (38)
-2094590238|469484121: 1357 (38)
-1062346963|512046648: 2745 (24), 12220 (14)
-1106885685|-1434594736: 707 (24)
1919347654|378423986: 12220 (24)
-71273520|-305240065: 8324 (18), 1669 (18)
-1755373720|-2023162372: 2283 (18)
195127745|445436384: 2268 (11)
-1882793089|2019238337: 2285 (11)
2095346318|111561263: 1153 (41)
-1451720401|-705743608: 1221 (55), 643 (69)
-290254734|1030202144: 1699 (54)
-167519193|386634716: 1683 (54)
2067887508|-2126207243: 30833 (54)
410164514|228445152: 1242 (52)
621377663|1781630043: 2813 (15), 3194 (25)
402267903|358709637: 8580 (14)
470362459|-437076015: 12220 (15)
-1735871236|419566145: 1837 (17)
223669883|-1162694315: 2022 (15)
-1373146474|-2090130452: 1180 (12)
162997193|1588127602: 2268 (15)
-1391870556|893942613: 2285 (15)
-1412054059|-815716006: 3322 (16)
884118531|1458667240: 8324 (10)
-2075000125|-2074698887: 657 (29)
1277225720|145520609: 30898 (29)
1286390937|-278393072: 30346 (127), 1858 (10)
23596501|240650033: 2738 (51), 2868 (84), 1699 (16)
-1113627544|-602242593: 2868 (18)
1295144159|548986399: 2434 (10)
2139226879|613127086: 8580 (15)
1953576283|-736602630: 12220 (14)
-868800173|928363740: 1661 (15), 3194 (15)
-1896789946|1911587028: 2434 (11), 1292 (11)
-16622066|-1943122664: 2266 (39)
975484460|1071835077: 2285 (39)
-75854682|590024225: 901 (39)
-551025928|-1515323542: 2659 (33)
-1287436859|582016279: 8580 (40)
-1196395935|-769451197: 3389 (43)
1887771238|1508391143: 1032 (21), 1227 (17)
30084545|-2097521043: 12220 (17)
1793797828|2056516898: 30281 (13)
544560957|-1918036100: 2874 (11)
60918889|366518307: 1539 (20), 643 (31), 1097 (78), 705 (13)
-202058153|630975339: 3176 (19)
-1036375465|-232835966: 901 (19)
-429349879|1956234697: 30898 (18)
-1981583618|-1247011850: 2203 (17)
1573735271|-599853139: 2217 (13)
1939975815|290151419: 8580 (10)
-209998340|803129381: 2715 (25), 1282 (12)
1503846750|2046866139: 2737 (25)
-384613074|1443992658: 1221 (24)
-1361521549|-1097268614: 30963 (23)
-415923744|-1768101669: 8580 (23)
-870344041|1865958025: 2942 (21)
-118026148|192097247: 261 (16)
-1254909344|-522092203: 3389 (16)
2097607271|1797956337: 2332 (15)
-1212338452|1011123736: 3309 (15)
-1157297432|-1925899062: 901 (27)
-1621654346|196341121: 12220 (17)
384900256|-252460852: 1153 (12)
-383529161|748993943: 2803 (12)
133636461|-600114146: 1350 (13)
-955587633|-1012178946: 30963 (30)
-1897417124|-340871841: 2325 (22)
-1504783350|-1456172341: 31028 (36), 2868 (16)
-937703399|351906235: 1115 (30)
-1310758903|59697127: 3389 (30)
2045378574|-2008693693: 8580 (15)
1914255274|2027291159: 12220 (13)
1069951937|-1505666761: 2942 (10)
-631172014|1847870975: 1153 (10)
184486769|1053085317: 12220 (10)
-1535006568|190648: 2608 (25), 2998 (14), 2868 (49)
1687062238|-1885382760: 1350 (17)
-1590649089|-1948486920: 1161 (12)
-1717232429|-1591839568: 1699 (12)
-2129276794|-1955445684: 1292 (11)
455770769|2013256703: 30216 (82)
1696630395|2045447683: 2426 (63), 2868 (18)
-500973593|-960613649: 2325 (31), 1292 (27)
126853125|-374548946: 3321 (24)
-830039773|812600371: 1700 (24)
307837865|-2075879743: 2675 (11), 3259 (13)
-456427628|-1234487491: 2330 (11)
-1181303738|308341593: 30768 (11)
-1038843275|-1777717165: 3176 (20)
-203784587|1099886522: 901 (20)
-678891477|-955769103: 30898 (19)
-1207747876|104710350: 2267 (19)
-215913544|2056974623: 2284 (19)
110536027|896504041: 2266 (19)
-479632982|-1886104014: 2285 (23)
574053152|-1822572586: 8580 (22)
700738692|1674475906: 3389 (20)
-504298365|-402302426: 197 (16)
1497051183|-581005204: 30346 (14)
352319843|1013880909: 2942 (12)
-245840144|-200571771: 1153 (15)
243930471|677181918: 2803 (10)
76527497|-51719669: 3517 (10)
1219442769|-1102086105: 1032 (18), 2266 (17)
423101221|1818921643: 1177 (18)
121448293|-1433509292: 1162 (18)
-378563734|1820451589: 1837 (12)
2092157421|-818855919: 658 (12)
2031329952|703169095: 30898 (10)
379086935|-388211592: 2203 (10)
-1028239922|-2125549533: 2745 (10)
-1090768397|1819554130: 901 (11)
-1699823699|-353189863: 30963 (14)
-750523842|-1023989064: 2266 (12)
375718428|1899724901: 2285 (12)
-683984746|1844603265: 1091 (10)
-671598993|1600299445: 2868 (53)
-1308820738|-978008904: 30541 (52)
-408950081|163032250: 3321 (14), 2683 (18), 3063 (10)
-106241421|-1239932607: 1177 (41)
-407910861|1895614910: 1162 (41)
167604796|-1225570065: 2673 (14), 30963 (22)
-1681532922|351698601: 3517 (24)
435279592|466435690: 12220 (19), 2738 (10)
-1873326338|-527625433: 901 (19)
-1274691424|1712054892: 2803 (13)
1523658490|-1768578075: 8580 (12)
-198749181|1010571646: 1357 (10)
-1213358644|960687391: 2972 (10)
-610606668|1730655787: 1091 (10)
-1099199289|-1988805135: 707 (33)
1914381514|898016531: 2874 (29)
1953646009|-1669904124: 8324 (27)
-93613550|-168274683: 3323 (25)
97909182|-726193414: 66 (16)
1173216682|302458934: 2932 (10)
266432755|-840550477: 1350 (43)
715455200|-1786247985: 30833 (46)
1234637398|424765914: 666 (46)
130478085|150827043: 3194 (46)
-368859731|51969282: 706 (42)
569870149|-716118838: 1841 (15), 2804 (15)
1586176531|2057898405: 30476 (26), 1350 (22)
-2079857690|537671644: 31028 (17)
1471095237|1172851992: 1350 (17)
1218847733|188296716: 1764 (15)
531422608|-4417557: 1669 (14)
-834992947|-852238376: 1661 (10)
-1976968476|-616827578: 2939 (39)
321728949|431061914: 1292 (32)
381815785|-757572991: 3321 (24)
-540331313|186368156: 1221 (13)
-1744788590|-476883276: 1699 (13)
-2135920697|-906009016: 1683 (13)
234014324|1605391201: 2998 (11)
94963840|-112004837: 1978 (16)
522504061|542643828: 3517 (23), 30963 (41)
-1156693379|-306252937: 30476 (14)
-1347406899|761848166: 2325 (10)
-192433643|-1365129262: 2918 (35)
-461332945|-1104403015: 2939 (35)
2105832830|2091297637: 1292 (24)
2020298530|-1211135362: 12220 (22)
1819666506|-429956330: 30346 (24)
2017742418|-1960614330: 2942 (49)
-929598248|-2011545005: 1292 (27)
-847753596|1131635528: 2868 (25)
-1417903595|-643496379: 1669 (27)
2062244680|-349548938: 30898 (22), 2608 (11)
358650303|706711625: 8580 (21)
-807660733|1990337411: 2608 (22)
265501957|-113271645: 2203 (10)
274320686|1382167193: 30411 (19)
-1694721975|528629383: 1762 (19)
2069653578|856752341: 1749 (19)
-1494621256|17427767: 3517 (28)
46360248|-856750028: 1282 (30)
665906837|1003884270: 2942 (30)
324559966|1604151224: 1669 (28)
1129174107|2100439325: 12220 (23)
1461191691|1000216455: 1350 (14)
-169027573|-1385810649: 3517 (22)
1371954443|1619054628: 773 (16)
-966782949|1553015664: 12220 (16)
1338411021|-1479471555: 8580 (16)
400070983|-1651572053: 1350 (26), 2266 (15)
-489554245|-1419422515: 3321 (55), 30898 (37)
735627165|1923534544: 2202 (20), 1032 (15), 773 (11)
-2055255812|1622869237: 31028 (10)
1938819737|1278674280: 30963 (12)
-2021621446|-1139036547: 2268 (13)
1026894334|1454078381: 8580 (10)
1635943304|-1222914802: 2803 (12)
850113506|-1616065229: 30411 (12)
-1206983035|-766721747: 12220 (12)
497688680|150249848: 1699 (36)
85650493|580424068: 1681 (36)
1596665469|-1045768657: 12220 (36)
-695355797|988478306: 30476 (36)
201422750|1615840539: 2617 (10), 2608 (14)
-686127439|487977780: 773 (10)
1086114721|553910368: 30898 (10)
792133974|-533602721: 2267 (10)
1679118386|-1667829874: 2868 (10)
-871455198|856785926: 31028 (24), 2868 (18)
-1571046863|-1898135690: 795 (18)
1778336577|1958484331: 31223 (16)
526549814|1508271300: 1422 (13)
620988814|-196851234: 8580 (20)
787529258|81235850: 3390 (20)
1424097027|24674101: 3517 (15)
902394832|-1342585026: 2942 (10), 2237 (11)
-2112732757|-625593026: 1661 (65)
-1059839810|-1676476106: 706 (65)
186647126|1247484158: 3353 (65)
-1697781001|-880941984: 1153 (22), 901 (43)
1696545120|388667707: 12220 (15)
-290870256|382562823: 30963 (12)
-937665054|-244894663: 8580 (13)
-6467615|889441426: 1422 (11)
-5973688|1519362408: 2998 (10)
649473218|679002764: 2738 (16)
-2117808244|1866221917: 2434 (55), 1858 (107)
-1009702105|1449489913: 2325 (10)
1505920767|2084566784: 901 (46)
-1687691400|1774064816: 2285 (122)
1513743858|1970797908: 706 (15), 30476 (104)
19435867|-1164758336: 148 (20), 2452 (24)
609950070|1303000090: 2910 (20)
1919045845|-1873046018: 2868 (16), 31028 (24)
342268996|177074419: 1282 (16)
823465065|-38472151: 30833 (25)
1378286815|1903008572: 707 (21)
-1342344860|744325082: 3321 (13)
-988259966|-554574867: 12220 (62)
1287569812|632420000: 774 (13), 1221 (44)
-1272123322|1947384624: 30963 (11)
-37640747|1545032081: 1032 (10)
-323378826|-328551306: 128 (10)
538749949|821162139: 1350 (47)
-1723642595|-826059033: 2942 (20), 2745 (30)
751995047|-1037588862: 1422 (19), 30411 (10)
-612125167|-1395362084: 30963 (15)
-1096850263|1308300587: 2738 (39)
-1829748361|1850339804: 1163 (32)
-677981622|912639853: 30963 (32)
-1636071463|509619660: 2325 (29)
292699081|-1452698769: 12220 (16)
-1622253630|1261097848: 1350 (14)
-2142806542|100380780: 3321 (14)
1229874388|-600298895: 1669 (15)
425448657|-23632684: 3389 (16)
431761435|1618520810: 8580 (19)
161154586|235241582: 2942 (21)
1030982865|1783556408: 8324 (19)
-1284875398|63042873: 3389 (11)
1456050926|140377301: 2266 (34)
-1813022004|-1148103160: 2285 (34)
1387348038|-1487355924: 1091 (12)
1134326088|1418521786: 1858 (14), 30346 (32)
192237769|-851877752: 30963 (31), 30898 (12)
1117259098|-449017303: 1350 (21)
-1061816951|2062795919: 30898 (18)
-1354875010|-1144644944: 8580 (18)
-1761343855|-464375944: 1762 (10)
1451088449|-1040810708: 1748 (10)
-1483377838|-1366944765: 1699 (10)
-1088045305|-2065029889: 1683 (10)
845616820|312807894: 2673 (13)
-1884614807|-913564811: 2282 (13)
569539835|1018182141: 1032 (14)
-43031559|-1659160074: 3063 (21), 3321 (12)
-456148985|1538220287: 2022 (19)
-781271850|1968981872: 8580 (15)
-627209358|-2049998556: 12220 (14)
-704109103|-655896833: 2942 (12)
-328818485|-1946502028: 1487 (10)
196263848|-1103473158: 3321 (22)
-1027897714|1744424935: 3300 (16)
991362006|-740902773: 3322 (16)
-756933186|1691081124: 8580 (16)
-653186534|-1806163984: 2813 (15)
-1322248526|-587535007: 30963 (22)
1567940919|342919769: 1153 (10)
-1566166368|-936904958: 2745 (14)
-603083194|2094994282: 1858 (14)
1758302003|1446880632: 2813 (67)
1514072499|695031974: 1221 (33), 1097 (17), 30606 (11)
502626542|-1041903986: 12220 (31)
-1806442248|983950275: 8580 (31)
2099670095|-920673387: 1699 (23)
1704370202|-478964887: 1683 (23)
-388757079|1966908992: 2608 (12), 30833 (11)
-2110109090|867574083: 30963 (34)
-875094067|464767970: 901 (18), 30411 (11)
-1573856542|1018535377: 1282 (11)
-451967580|1147342957: 2434 (11)
1727285314|-174135865: 30606 (11)
240695300|-1245911909: 2673 (20)
-1860140449|986557354: 30411 (10)
1833796764|937148049: 1762 (25)
-1930595169|457736387: 1749 (25)
1364787053|693136673: 2942 (21)
1706063270|1293616247: 1153 (18)
-1068885861|870512582: 8580 (11)
-877056193|-1015991918: 3389 (11)
1551724264|620188755: 2138 (12)
-479753347|-950095247: 2608 (12)
51031348|-928640407: 2874 (46), 3389 (12)
90426439|1633156734: 707 (16), 1357 (25)
-922524598|-576428388: 3321 (13)
1119667586|1393668441: 12220 (27)
-887464556|-1471046636: 8324 (27)
-1484443348|-1023998441: 3321 (18)
1250366470|-725494727: 1292 (15)
1332227674|531166498: 2107 (13)
-1502093888|-1882740068: 1762 (10)
1205284291|-1554737970: 1749 (10)
-1704810959|-1857259220: 2868 (25)
-60396896|194649121: 1032 (13)
356604444|-1156320972: 1978 (12)
1694407230|202161847: 1350 (10)
390460262|920316297: 30963 (10)
-406026821|232199156: 2868 (27)
-2117580502|-1761511687: 1669 (26)
1348440183|-1517404470: 1661 (24)
312078690|-483718462: 8580 (23)
426428102|330878102: 3321 (14)
-624940521|1654052892: 3389 (17), 2204 (13)
318063120|-379716680: 1162 (16)
-1660571335|-970970342: 12220 (16)
-332218066|-1789963785: 707 (12)
542271779|700238101: 617 (11)
-1690377867|661552856: 30476 (11)
1102192768|2110472353: 30833 (11)
-1619257850|691760128: 2332 (11)
1685909307|-1617546003: 3063 (11)
2111583429|1495428580: 2022 (11)
-558913496|1627127645: 31158 (12)
-1810234464|1297792017: 2453 (12)
2037348539|2043376489: 2479 (12)
1560416529|949493095: 2463 (12)
-1762016585|-463109452: 3321 (10)
52374225|-1910190009: 3194 (11)
2028475965|-1032937708: 1770 (12)
-119717087|-184612928: 2266 (22)
1039903491|1194568989: 2285 (22)
-56258167|1543128313: 1350 (10), 1153 (12)
1582386569|-855480743: 2745 (10)
553308527|2046460465: 8580 (10)
-760134154|219860614: 12220 (19)
-1181653261|-176986679: 1282 (11)
-798752800|-897886581: 771 (14)
463037423|528148260: 1112 (10)
-611507087|-435958341: 12220 (17)
1378597991|490987766: 773 (17)
-980553353|559027106: 2673 (15)
696190703|-742241504: 8580 (13)
-1073051048|544738166: 3194 (13)
768598000|731743831: 578 (12)
-1648785800|849400595: 2285 (13)
1558691058|778648311: 30476 (10)
-2039775993|1959527566: 1187 (10)
483282607|-1684230545: 1161 (10)
609995907|-1319196633: 30898 (35)
1271924340|1886090776: 64 (21)
-1173560280|-368150247: 12220 (22)
-467422372|-1648866063: 773 (22)
1938161228|-1582710875: 1762 (16)
-1292098916|-2079461903: 1746 (16)
1399412580|416760303: 2107 (16)
-427860280|1594599946: 8580 (13)
-309565076|-1348965282: 3389 (13)
632881515|609439738: 1153 (12)
-630467844|-133942623: 12220 (12)
-1320422919|7182830: 197 (12)
-1472371761|356868313: 2683 (11)
-1442157901|-1446518517: 30606 (18)
-494670022|1720934377: 1162 (11), 8580 (14)
1911785448|939211663: 773 (11)
-430585096|199936219: 30833 (12)
-2056904114|-2026658354: 1114 (12)
1869524192|-1780311817: 30898 (11)
15033879|1423394504: 2203 (11)
-1838332746|-263015771: 901 (12)
545913819|-1519411873: 2673 (11)
923984792|-619067611: 2803 (17)
-890549171|-2039348144: 1114 (23)
1100926480|874672135: 2803 (11)
-1354096566|-994299506: 1357 (10)
-322901627|-1044199953: 3322 (10)
-58720749|-330224891: 2942 (14)
-1159432946|1689776470: 8580 (11)
-1323875670|-1809565950: 30898 (11)
179482052|1015219558: 2237 (15)
1779705207|-1035844497: 3779 (14)
-518290224|-1006203256: 3836 (14)
-1255389881|192356363: 2942 (27)
1741971705|-1518630537: 3063 (46)
1118563683|806399757: 3194 (17)
607015117|-1311374138: 2266 (13)
-1043229636|187548189: 2284 (13)
879123167|1155048427: 1292 (10)
1635569324|-1830458563: 30963 (13)
-2055558404|1456686037: 901 (12)
827895624|-864300208: 901 (32)
1643981087|-1215680710: 2868 (24)
558903292|-1690982698: 3517 (10)
-1150427608|-1516431944: 3517 (18)
-444761124|569558220: 1162 (14)
1787660533|244257902: 2998 (13)
133817742|761023031: 1114 (19)
2106591393|-88537525: 2745 (12), 2608 (20), 30898 (16)
54236231|1312940579: 1539 (11)
590967169|1763817148: 1669 (16)
1932312964|1267660825: 12220 (15)
443616901|-214494417: 30411 (20), 8580 (14), 1162 (12)
-1865131038|-1093198031: 1762 (16)
-1920348045|226700026: 2299 (10)
929356016|-759744715: 2268 (24)
-1814411619|-1185436910: 2299 (21)
-120168068|1456447622: 1153 (20)
117748459|-1969693219: 2787 (14)
-721710387|169458328: 30411 (13)
1583269802|1207547526: 2942 (12)
-91596398|-1328622252: 8580 (14)
365501175|-567136259: 2282 (32)
1359651426|-243403481: 30346 (12), 1221 (16)
483289902|273546502: 2942 (12)
-110537539|-668409394: 1153 (21)
112953130|75472021: 2745 (11)
-1538595031|74947381: 2934 (17)
422319458|-651391290: 2258 (15)
-672370411|-1100061101: 1539 (11)
-1638470148|1109186018: 1837 (11)
-152062161|2010810881: 1827 (18)
-1083707056|594496627: 1810 (18)
-449239779|548191684: 2267 (12), 1350 (10)
-1373932423|1544260629: 2284 (12)
1538046618|335474147: 2266 (13)
1881848071|-1631581104: 1827 (24)
966983544|-898250206: 1803 (24)
-2135612409|802341677: 1187 (104)
437262255|-1065195060: 1161 (104)
579179907|-364875900: 3517 (104)
-2035347325|665225863: 1669 (48), 1350 (25), 1282 (18)
-692412282|84526114: 30898 (46)
-1187943823|-1002694115: 774 (46)
-1863520517|967909907: 2745 (41)
-297307619|-1924544901: 1282 (41)
-885720528|2054209697: 12220 (40)
1116889638|-2127499796: 8580 (39)
-1410863471|1921691066: 1978 (10), 2090 (16)
-1102253009|-1995953688: 901 (18)
-1709278607|261019811: 2738 (11)
-245770292|475741258: 1227 (10)
-135880579|-1735855248: 8580 (13)
512961738|1798484774: 3901 (15)
2141982149|-1497823606: 2942 (56)
1262782222|-1024299044: 1227 (53)
1354525532|-408789129: 30963 (27)
424754895|-811092522: 2266 (18)
-26514713|1680649310: 8580 (11)
-174564029|-1799394806: 3517 (11)
-990412625|1527731235: 2139 (13)
103864165|-193584693: 2803 (12)
-1610809686|784600703: 2738 (11)
-1113643289|1965341035: 8580 (16)
588784565|1327931691: 2022 (10)
-2140422312|1996436370: 2683 (10)
1457620541|1780652615: 1032 (10)
-1234431677|-2051571905: 2745 (14)
-926446171|827300695: 1292 (10)
-1020467610|-2097481799: 2673 (19)
803082750|1886039867: 901 (17)
193765280|-152281488: 3194 (17)
-431371768|-49687727: 8580 (17)
-306512468|228201733: 3389 (22)
630166955|-2041497951: 261 (10), 30411 (10)
140753512|1957473610: 1669 (11)
-1378636987|-1643352742: 8580 (10)
-1507812127|1855957774: 3322 (10)
-1231289278|-1639349010: 3194 (13)
1189676424|1680411167: 31223 (17), 3321 (12), 3389 (19)
812959231|1232304048: 707 (10)
-331164987|-1613434104: 3321 (10)
1903471585|-1841028765: 1731 (16)
42358643|1626246860: 2608 (16)
-1031177931|-277663252: 3297 (13)
293746977|61134203: 2608 (12)
-779282585|-1942394277: 1249 (12)
-766668612|-205354129: 2942 (11)
254177056|2145982772: 197 (11)
899609398|947903133: 901 (15)
298614120|-1090966570: 30963 (15)
1428892205|2125205273: 2999 (14)
-547040095|1816208619: 1350 (12)
-648718416|-878371070: 3063 (23)
-1057649586|219235851: 2022 (21)
1669730467|885576882: 31158 (21)
691256107|426350590: 1439 (16)
-91318439|-999467046: 3517 (16)
1587810905|160150233: 1487 (12)
-238168268|1284482867: 128 (16)
374721325|518622387: 1699 (14)
249890680|881179727: 1669 (14)
-546120155|101381244: 30898 (14)
-1325853486|-952161725: 8580 (10)
1742208639|-378221276: 1762 (11)
-1420025197|653069728: 1112 (52)
1990047219|-930650962: 2803 (39), 12220 (13)
-1740022871|941172007: 1032 (18), 30216 (19)
-385397746|-485801043: 12220 (13)
326088825|-946629616: 2868 (14)
-1402490611|667520228: 1162 (13)
1146163063|28399356: 1661 (11)
110587490|1192518388: 643 (11)
-954048386|-993594748: 1177 (10)
473386182|764849806: 1115 (24)
1710484694|987881682: 2874 (24)
1671073189|-1827664699: 1282 (24)
1923079590|-120978872: 1357 (11)
-378480482|-1778345539: 12220 (31), 2803 (32)
-2108621925|1852388082: 1487 (11)
1700104526|1532443859: 2715 (29)
-812857876|243877421: 2737 (29)
2134729116|580411556: 2332 (29)
-1249460969|1979073613: 3387 (29)
-944039270|-496914362: 771 (29)
-563012999|578311974: 2285 (29)
1675772175|-1106882957: 30346 (23)
124663953|-502399973: 2683 (10)
-773586444|-19900978: 1153 (10)
775344739|579283093: 2868 (10)
1211244274|-1202631272: 2005 (10)
2121579271|1674563710: 2022 (37)
-586733590|1511408327: 12220 (34)
1419886588|-1588170870: 1292 (31)
1364100512|1782533777: 1837 (22)
-1785874740|-2058792509: 1292 (16)
-1872589680|1310748888: 2218 (16)
433534802|1287771324: 1669 (16)
-935268849|2119081103: 2745 (10)
-1226083607|-894011161: 8580 (10)
1225475899|-440067211: 707 (14)
-2056523978|1496744855: 2745 (14)
-1036134532|20573416: 1699 (13)
-628286679|727047188: 1682 (13)
979058538|1636472347: 2673 (13)
-693516046|-1826959719: 2434 (11)
1855479025|-1689495397: 12220 (108)
-415316761|1611429334: 1292 (100)
-1923468212|1783663346: 2203 (37)
1500778965|63071913: 2228 (37)
-352775982|981528374: 643 (12), 2266 (14)
726408910|-1185775802: 2745 (12)
615093647|-692519516: 2107 (12)
933364556|-797340812: 3704 (23)
968250904|-1476913460: 1162 (16)
599367179|1534211855: 30963 (11)
1731417200|1781644813: 2942 (16)
1406918331|242931547: 1153 (12)
-431792317|906883291: 3322 (12)
-232301130|661963888: 2284 (15)
126915413|1753326982: 1858 (15)
-389283800|-1661881280: 2738 (14)
-995940874|-1086107465: 1292 (10)
-1574350926|1282327485: 2658 (13)
1511502005|1475630679: 1837 (14)
-1236884175|-2004498834: 2803 (11)
482310644|-45436394: 12220 (10)
128202436|1721686068: 1162 (30)
-2007710227|1239615638: 2608 (36), 12220 (11), 3063 (15)
1213983659|-964773962: 30216 (30), 261 (11)
911339329|-932552118: 3106 (17)
817457031|1499270835: 2618 (10)
-1237333272|1993622510: 30963 (12)
-2973829|1590798671: 1350 (12)
-688871997|-1701107393: 901 (25)
-224253027|471718004: 3517 (25)
1451798173|-772063881: 30411 (20)
819620837|1452977205: 2745 (16)
1316091651|-496875427: 2702 (12)
965924361|1118474952: 2737 (12)
1823344991|1616476018: 2724 (12)
363640848|1677370737: 3899 (12)
-786424258|35273592: 3370 (12)
-393164681|1440508888: 3388 (12)
-1545824082|-794850211: 30898 (18)
-866692519|296374882: 128 (15)
-1849390860|657834925: 3517 (22)
904793588|-355260754: 1292 (21)
805386152|565839797: 12220 (11)
-790571553|-615066640: 8580 (12)
1248813490|713405398: 1350 (10)
303809110|999086196: 8580 (16)
-928563030|1731292094: 2745 (15)
1875049658|-1934423047: 3517 (10)
-873956934|1096150778: 8580 (10)
928850599|670501724: 2659 (12)
1530291610|-1595266783: 30411 (12)
-778882819|-318102209: 3517 (12)
-2031794688|-1398306976: 1153 (19)
2033685911|1894840891: 2803 (12)
-385454405|-1970765402: 8580 (15)
-487237345|2048608242: 3517 (15)
1189075999|-1208114447: 261 (15)
186340899|1550780539: 3070 (10)
1527690472|944088331: 3309 (29)
2086986910|285818847: 3300 (29)
-2050385466|-1524217677: 3321 (29)
-2063930662|1075537239: 2874 (10)
-2088916463|283512471: 30898 (10), 30963 (12)
-319397658|-774647640: 2267 (10)
-1868348943|1034654433: 901 (11)
-1259221073|-1154653270: 1371 (11)
-1891728704|408881958: 1358 (11)
-596125971|2087395083: 2285 (18)
489286759|1621292783: 643 (10)
-1769845691|444263162: 1762 (10)
1476104341|1071560878: 1749 (10)
-896467070|954459190: 1032 (12)
-1786502382|-1809704593: 1282 (10)
-606631878|-1686981382: 30541 (10)
-1917544325|1467079928: 3259 (10)
-940365959|-1573869609: 8580 (19)
-872410915|1386439043: 12220 (19)
-1491061800|-1429550388: 30346 (17)
-354092396|1274725101: 2738 (17)
-1682503819|-510490180: 2745 (10)
774277187|1597392466: 2618 (10), 2659 (13)
1519833146|-1447778214: 30898 (14)
891099853|1753314917: 2266 (14)
28142436|2119484704: 2285 (14)
-1057795602|1654467780: 2258 (14)
-478304549|-186068676: 2284 (14)
-1766412358|-1599257580: 2203 (14)
-1814610053|1695669713: 2227 (14)
-1794935509|1942076285: 8580 (14)
381760319|435512079: 2745 (11)
1751822297|-1391622297: 1162 (11)
-1828554202|1946489265: 1153 (12)
623062585|1238041532: 2608 (10)
-450101121|-967394148: 1688 (10)
591273815|-671403430: 2282 (13)
880662736|-334944281: 1422 (11)
-647692459|-198197289: 1153 (14)
-1071952354|-1312413522: 12220 (10)
-874752168|2067276895: 2266 (14)
-600966150|-1675939479: 2942 (15)
-1007719866|32830061: 12220 (16)
-1462810301|-107128542: 30346 (14)
-673772102|77408069: 2942 (18)
-482375823|1624657427: 30346 (17)
-1359262147|-2115615182: 2868 (14)
105927798|-1865331658: 2268 (10)
-1561408997|-80621551: 2299 (10)
-907874822|346676101: 30411 (10)
199759724|-2140530255: 30963 (15)
567106445|1289717032: 1661 (11)
1661680280|175812896: 706 (11)
-573220933|1131726529: 12220 (14)
-1778285530|669090017: 64 (11)
-1231891678|296417918: 1033 (11)
2131469854|343428842: 2713 (13)
-1898156657|-270390853: 707 (25)
-997007577|-913314427: 3359 (21)
1382560801|934246834: 30963 (10)
27963503|-296402766: 1422 (13)
-151286055|-2136567572: 31028 (13)
-1733389622|1030466460: 2331 (13)
-701856019|2085232403: 2355 (13)
1498762689|79833295: 1858 (13)
-1240867140|-256755447: 3309 (13)
-1730894881|1378467362: 30476 (12)
1113088554|143425627: 2803 (12)
1132500131|18417888: 30833 (10)
-2061288890|1573107508: 3387 (21)
2093982119|-948344035: 128 (16)
-2091281561|-981146680: 707 (10)
1329150826|2037873450: 3321 (10)
-2043674036|-1598758601: 8324 (10)
-357601548|-904758476: 2227 (10)
252105763|-2139411987: 2285 (13)
-833032535|-1666007031: 2258 (13)
-304735844|180829681: 2284 (13)
-455769083|-1297178106: 8580 (10)
-1351698229|1005920812: 1153 (15)
-1688748610|-1793113955: 2738 (15)
2142684323|-933374101: 2803 (10)
-1855837447|952342242: 1162 (10)
-1883708216|-1897115742: 1487 (19)
-1453568527|-1659416985: 261 (11)
-275909453|-907436636: 1162 (10)
1811808270|-294849742: 705 (11)
1573603590|-385843180: 901 (12)
14851417|677959210: 2299 (10)
-707861626|-1121793981: 3322 (12)
-697604623|47724223: 2942 (20)
-1786643028|-599080051: 2942 (12)
151399566|-2102054153: 901 (12)
-338715117|-902370191: 2258 (12)
-1502036094|-947662169: 2332 (10)
-871426096|2028426622: 2268 (12)
-2111344885|459466978: 1153 (12)
-1776930518|735371076: 901 (11)
-1846272493|-1890102881: 261 (12)
-600796113|1690696469: 12220 (12)
58147358|-2018690654: 2659 (14)
-1356152628|-877577537: 1762 (10)
1317679311|-417200915: 1731 (10)
-1132557683|1320631684: 1699 (10)
-1529985320|1692077432: 8580 (10)
140680476|469607490: 2282 (11)
