-1375445717
-1478221409
427260023
1595718254
-225424670
1303893395
1416176214
619455334
880236244
-437558585
852848970
234027695
1641066201
-751987314
1914740885
-1150875890
972220272
-979472688
47677115
-1826772544
1232131044
1089061311
468243440
-2030225085
1413407981
-1590690929
1510579525
383098353
-884908224
289919247
-245121004
301108441
539713324
2061507742
-312755186
1494535745
83569542
-435122098
1430232463
908660018
-630135990
-972885198
1074561364
498357205
1392920192
2036887834
412947158
1946723561
949381177
-137755539
772194194
931889906
1780594607
-123293176
-1189639430
1495606838
1462652538
637902888
-1537970772
385515904
1382556256
350492534
-1040919064
110101899
1186921703
-2005346027
2045183207
-428923957
1608379937
1827174832
1761917955
-2007049434
1376904431
128228505
759572013
682969013
1035494591
1405229981
-1017744433
140624301
1995283724
-1295260483
742722013
-785208542
1204644897
-1462404313
902775487
1938486326
1202506245
-824252014
-1126679704
-475433254
875997525
-388655691
1157967381
580470320
1704599959
-1775980719
490022493
-656638723
1060728956
-579131423
1953337115
1403520848
309381421
-1297842745
847905536
1266161752
-973795293
831858123
1678888588
-2066691307
-144743070
1262756840
-1427474653
-1717591328
-473214994
1894710335
-1127373162
458780011
1588129442
57391257
-251248577
1858836374
-1984141435
-422600921
1348525660
-1793467572
-2072837873
-982076005
1997092117
-909645074
-110752120
-323036482
1006312726
364592753
938100458
-1169179079
-1395623684
-446212943
512351656
-222239546
1700168031
617565485
1920333784
892858599
-706625366
735594973
-1687163158
777918916
-92236898
-200335084
169539240
-36574428
-640413326
-1273249920
1524503225
-1589871277
312450050
-470042306
-1338529504
-1299660651
-770507127
-2071911115
-1295836901
-1496643215
-374636677
1031028279
1489106864
-1912158656
-1109654303
2009046153
542763061
-2049134342
-113737935
-1228276264
-1968821189
1142407108
-1763432038
-1734398328
-1285927398
816826861
-455022895
-46876352
1556127015
1510714012
1740117341
-1864111630
-1440448248
-869319578
1941456837
-1947999851
937337846
-357890667
-2041525425
-2116430109
-1720421867
-1511030606
1541232618
521015567
161319366
724574496
1430795759
-210530868
980034027
1920932597
-198184355
-713609749
417859545
-555745699
2054822773
-1820507636
820031803
569174386
1033901538
322545206
1154218778
-815109438
1623577228
-1802828638
1004029215
543679137
-186540172
-1186264125
-1163284097
-299435805
-131993066
-1138340017
-687207318
332715453
1054692925
-671818264
-232665175
6221541
-554315274
352346590
-249097703
430087763
447096659
-648661500
-323279859
407108210
1263353493
-1516432810
1536411185
1169344308
1647478249
-1601031320
353758035
-1470838051
-763570810
-781652528
4051177
-1020098422
-2025564096
-1868849442
653926573
224187853
-1076469289
1450613006
-519182645
-775187181
119210292
-1924911499
-670139573
886284843
-1353883771
-929429730
667134509
-633073766
-1097650953
-1635781137
-441653872
-1596378629
1118365325
1061582984
-773797896
1479568624
212280572
1089813965
-386602074
-2030088924
-228625101
1597117712
-273700870
-802121319
-330844101
-483104213
954001448
-1778856131
-556346729
2022101207
-1147612093
1841743324
428118569
1676593588
760442388
1198490147
-2070445966
679056550
1766831205
969235678
1778621160
665427193
589547024
-1014652707
-1545153319
380307700
-421437829
-1448980118
1279935720
1662536016
766047191
1540927174
-258003306
-931718379
-326402513
941629039
711568359
1126503611
1485789921
184817717
-1935860545
645803289
484445513
721003431
160592263
931392210
1649517506
2027636235
-1443176199
1501250816
-411633288
-707468921
436666986
249274139
-1009589397
1268168436
1972415425
1209766476
-1151961654
1625486517
148001854
835589647
154101896
-1165358286
1030332856
1263493450
1394051114
693494885
-1055594400
2067550287
-173225522
-1119303485
-1224409793
-844077454
473721921
-1416059560
1436794526
48465476
1289550964
350868710
-705571164
1850034638
-1449347459
386222500
-802709548
43637948
-1445453607
1525593905
-1082452693
-45379883
-1759006854
852855261
-1478198996
-1505199029
-348833835
-1449656226
-58255125
410690959
1589784123
376761591
-1194967490
400007354
-2073543150
-1457887712
1850861023
99848381
-1925049308
1473558679
398392767
-591483395
-130828708
1868919427
1959750842
1879496469
-639176310
1872018519
-529185827
-423063413
760951152
-1157226400
1908773490
-1044497185
1071833785
1089917323
400106896
-513415502
-966021789
-1391906775
-1688076991
-826673750
-1956084011
1788777333
1301886066
1880988088
955727137
663362228
730853079
767173444
1621322014
625676538
1151128310
-1354219823
455096718
796474259
1651585706
747199088
789885472
1125389389
173800480
-2080728426
-1830065281
-1158541042
-1549185364
-426279379
-169042822
744687289
231833000
1984721838
-1243719782
1750627132
52927651
-2017780384
-904426772
-1165822373
-1242381298
-545203351
864096588
-1135296969
-627887477
-2098559357
1244659208
288050312
1590088119
348867199
-1316479647
1470828981
1236732410
-96632326
-871661856
2024614692
-1581840260
1099430772
1485536988
-1707104492
-1134354764
1571191006
-1944706569
-94252140
-694579000
-333647841
1783677068
512611591
1248582283
-499595143
1084299770
380222826
-1385411632
-822694182
1594148480
-878583146
611033851
2126396451
683224209
1184126379
-1901142320
-661960478
-525498521
-889427812
69854228
411973452
1029270904
1708594761
-2050186638
960965156
-1411419954
800641001
98007474
251735987
734589927
-1900026214
1137056930
-1721931854
-1793322802
-1051550450
-1005946841
1887323441
-94473964
-1551784065
-862625901
-1127466672
-1391996424
952819210
2000335883
-1940415567
-1905584618
-1400550672
893621681
393066590
-1302426273
-1551290477
-1752929572
150357304
681531840
-166991974
-1347869838
-1571855704
1502067959
1396133688
-59353631
1885783647
-1535255943
1211015080
-1188394991
44978515
-148620410
-775057935
-1756076386
-2033430789
1014541628
-1664865977
-2139362697
1813455685
-2035427113
-576035027
1140790985
-359267782
-330922863
670059077
1094762501
-1010071411
-1208073627
-1001784308
-104303280
-1153855920
1803987178
-2105322474
-427545404
1115676827
1174090183
1883521289
494870805
-1078142250
1748663362
-1605307617
-848617635
-928094787
-284282944
2123302873
-1484081096
872168152
-145824553
707313829
-176077431
149649986
-1211233166
1472919222
2112099125
108368145
1742909604
-803341709
-2013852144
-1478144755
-155209384
468614555
-724180336
-720471897
-1211468636
-378017933
-127419181
973804226
-241954894
-1627982212
-415913274
-192239024
-916464140
649155678
-336404670
550978311
-768380964
2144108189
1519617016
242564107
1302921940
-2084188927
640435320
-1501200353
-1538357885
-1059403504
-1715957611
-534033190
1223603240
-1595455583
-587722299
-806854837
-168410537
206817717
1913711324
-772190255
945045935
1248807527
-522256552
2014519147
1714267018
-451087086
248734032
-968220393
-275824908
-1804618505
-129448059
-631036291
1119629703
-104006358
1447224146
18160611
1564047502
776383302
1910840150
-13980093
1378953740
1126271323
-1679817724
759379088
1299217601
-40623075
-580617404
1407430902
-423465549
-398149462
-1173756253
-1087301877
1974486855
-1670127092
1676870844
-1915193216
-1766654722
-1077046368
-2015616044
-1531507971
2040530367
329553615
-1809835115
614053708
-247879297
943036659
1076210977
961198230
-1275190667
-700104765
829088168
1221172309
1870699028
-778930538
-1619223145
-370501499
-2034901281
517856263
-692919517
-73832780
1135874546
1716462784
-1295189720
-1714933620
-2088756136
-1462774937
-1061981753
-495352175
-295385446
640439324
1816029490
-4912335
-148656746
1300324717
196126922
-1964427788
1761751229
901112765
1533026060
-282241742
-144161599
-1216129611
-394087676
-2045955965
867738784
2004340016
-199531745
-1273765019
1074329916
1068541858
-2030812325
1680616387
1573372516
1963993817
1088295078
-65878428
-1474620756
-63191565
-861044593
547733366
-170704092
-530944097
-253962002
-584729047
-92820916
-732016231
1832290090
401004148
-1413701907
-277784354
1158521132
-13362654
585849015
-1348649905
-2085883427
290384586
2017453388
794693101
1741343762
1306575366
-174896873
-1990785534
-3866677
-1550125913
106256876
545285687
1906536191
-1602287893
-579090843
1921984444
613901548
-193799630
426356641
1071469453
-1753512342
1510958452
-1996731070
-1908688762
342632210
-568416919
1406761344
-798307419
-1189059571
-695923934
-405081649
907870793
-1360972234
-604060298
-1416252730
449266353
-1733077191
858515623
-783197702
742900593
306616261
-156044869
733176372
284927528
1938331927
852473319
-490038750
-1735164579
-1537459863
1807472250
78130759
1596868328
-122307542
266675228
-1621217497
-474936025
1875999665
2085808536
1120135451
-2056411042
512805121
-1220353790
1660410888
-1698414755
1568081030
1692656629
-432086583
1446418172
-338159024
969027479
449553372
-1215424997
-968288751
610407878
1298715624
500889419
1774271912
-516393872
-731729778
524522784
1063180997
-872363937
-251849906
756672545
-1704652390
-845025326
1871400583
-1361674896
1495494165
1124902841
1158815808
-186380080
-1621809882
-2045787038
1621899193
652540807
-592544721
-685594354
737652273
140951702
1155058280
-103581204
-32713119
-787304582
-1003192856
-432971125
-440123803
2039337094
-2122159784
270534294
997312616
601287618
1533505207
546310269
1199861800
808385954
936979770
856867345
-128901204
1581804666
1493729988
-1809816442
940638552
-1823334746
1628555815
-1036105786
937668220
-1787663702
-165014972
1220451006
1738366849
-2113888244
-973975251
-1217532303
2084895150
-1019075106
-383873944
-485330789
-37854093
477519820
-242597536
-687184517
-1264502919
26587340
1675804995
-1517496760
1284610553
-87421597
539824500
591273689
1670384711
540697501
-736732857
-727020272
228980297
-1102287892
760800160
-70583772
282737604
-1893220671
-2057914400
-219572796
704830836
885548890
-202441360
1031313258
1068322151
1786930754
-684611454
1007421749
-2074326998
-1583225220
-1323133635
-1227503902
-1949312669
-1936151839
1537525165
-1753002089
1539735309
-88109028
1458958665
1177308627
-2057561386
-288091220
648225811
1065723990
1185601115
-1802371296
-1537996722
-2025664074
1203342048
566352272
1612320255
746561896
-798717614
1908663108
1527251364
-836260433
1659068445
-270912878
1500332088
609502332
-1954882936
790096955
-1114257111
580700989
533648596
1725936856
-1866185752
-826368540
-477695386
1910330399
2087426950
472552811
-1282466065
284000723
2114988541
-1103613068
304296977
706277986
-300301971
-1257691877
1524573004
-1762783391
-1160590259
205564507
-1149920652
-1587369091
-1163194218
1053583862
-1011072557
-1629221739
1216402272
-848742463
-767970472
-558510801
1176429827
-1937081947
-65230328
-2062936441
-607445178
-323176186
1788920694
-1882730866
-1543528226
515055417
-1673113292
-864208688
1390647601
-160988980
994183222
1301853315
-1519311011
2129587465
31678645
1546324136
992481165
861784185
901395173
821793162
1997382144
1247254118
-1021691077
753111630
-1515428125
962229309
-2012076495
-429744928
-1399576589
707804753
-122441713
2033365630
232069446
1358756139
-279279019
797507888
2036178730
169066010
44982201
1531652532
-1083936299
-696895476
1935001907
1402558830
-1938218927
-377804411
1902935886
-1507852405
-2071003036
1804683970
-1418008213
1333277325
311088183
-486919343
1133027016
1323462628
-1876233640
-244298994
-1957630887
1005551860
-787494241
-676493666
1346622532
1661528464
-1351358211
1308860369
-1505499317
1965307713
-1468000093
-1166412556
1738132252
-784386332
-1369596564
1003471100
-1468803649
1968504211
1864126612
-603138308
1069667604
2099780139
-1856469885
375577768
720658067
1596194415
-1101617698
708419202
2046104162
-326582437
-1284660140
-145690624
-1922251664
-220564561
-48768123
-982134211
-796565712
982347682
-1922727286
-762702400
-1240785939
-1956633560
-1169075823
316032692
-145663844
-1478705423
1768675104
911900966
-1025562119
-139742162
151642422
2013187282
2109868812
1153540690
-1671774059
491334953
-1465261615
-1045762446
872753858
117288809
386609864
1272445331
181024221
-850215705
898764145
923971306
-699197328
-1567587375
-2043112129
1205569848
907919108
-1634406307
1060653784
-1873448930
-1627554533
1201669546
164696610
-694407515
1322355394
-864388014
2106696815
-1350569838
10685484
549949647
2099810731
1552866837
1996256787
-1171503764
-1341839485
-716829113
-1338560630
-362929696
-1163583918
-1236530248
846248019
-1928643766
2093834748
-2135428943
1743289051
260640222
-55466370
-1694038929
1944831068
-1471285802
-1411509659
1831147750
1739346823
894082920
-1883149845
-2049044045
-443417922
-85776931
1871911244
-1738129028
-1636318488
2031888773
62252716
1740544248
1799140925
900556462
1484448269
-250481526
448254073
-1615007778
-1685519730
-50423043
424352193
1807713764
1442411794
-1165547097
1075854021
1941006434
2100486665
-879371116
680169681
-1825012962
-363570352
476134163
-594717266
1101541476
1838083038
-722539315
330277436
-1425957176
1454781258
665211521
1080437861
-678974988
-550793796
-1898086425
-1492120106
152665832
1272074914
405975577
-786080105
419008689
699879748
-1118145568
65142207
-1888178839
1459256166
-1710354713
198063291
220571933
-540900955
-1032080025
141162657
919346549
-1228279908
-63307364
-1382596598
-269032563
1130484436
-944801924
-663969292
122255621
-484944199
-1224222829
1883504311
-1955570415
-1730664764
362478210
1425976548
-2008805641
-1772628002
341145694
569695210
768576489
214256892
993111632
-1159576750
688532830
-909437062
-448206476
1753763659
-450622102
756674959
728476028
1076206987
1486176007
1923909002
-733648737
-1663921919
-1764105220
-1161616665
786059327
853117488
361704804
-1896287800
-682621708
1089595834
1687048913
362679512
1426000903
1077686250
-834097721
-2000771255
289910116
847937743
1140842824
1876331344
-1779315486
-33722133
-824253175
1579712058
1842054849
92901987
1122900438
362683274
-1616104608
-575632227
1718183566
1296678720
-1480669520
-980449381
-1093889050
-629172126
1000532588
1895743643
-700912203
533634444
1719362357
-1985235825
-2031494196
-481907754
-983047126
-585608309
-201782406
-902887350
1206294781
1293613783
1440533563
328248784
318652851
1149278160
1606576254
273720283
-1060963486
795126895
-369741862
129425245
1760764364
1191041381
1640995793
1614262716
402254089
1596305245
2109235057
-896048956
-1831259852
248720469
1312933598
-1733128694
-1194977265
1942202047
-585032614
-2123169742
-1029166101
606532522
-1710884363
1261903853
140452995
1211187792
1591017953
-2030259544
-1003905261
1079488941
-911026159
-1760883252
-1227702664
1131274525
1526700974
-111930351
2066148342
77488850
1662532761
1583786792
1586900586
-616612281
1541193655
897173947
-1897500178
-619061591
-2103460037
-785288768
1368218708
-44662304
-1284627707
1802171616
1668510019
-1434990267
1180644446
-477868262
1612300495
1141584668
-97698200
629154225
1247766243
-375137072
-1508686850
-1757730899
739281781
1157120513
-331756409
1540813044
1749494050
1588619932
1883506722
-1527000764
-1165564681
-547420060
961308017
-1101296686
1722149393
-1188175343
-42323856
-891744071
-1850385604
-1829486357
-389370681
1258196373
319935068
306961422
1766814767
889601771
-1910754385
-44584789
-2120987711
741448463
244442164
-1795340112
1362287387
740072666
-1663554361
-536285759
-567948560
452655071
196350510
-599150767
-1467862092
-1107708346
-1563837758
563327371
1107327835
-990842617
-1768649013
689334656
2063167087
1054988172
-1804690314
1153510546
793729148
-1855869236
815460524
-1545767000
-110826791
1746785103
-1532217165
391472768
-1336639118
444758160
-423308787
-44436577
805626685
-1287126801
1965906775
-175360905
-1937541205
12617963
856044269
1842306305
-1900987117
2118873818
905235989
-1303142360
1892843620
-1773438212
507800246
-810613443
2006553395
-2064698638
1336959983
-1625972284
737952715
-1304812636
848237892
420966887
-399571896
1306571174
647777085
684909583
1703734675
-434590810
1575636355
673549742
13440636
-429271118
-1028450890
-878854325
31675961
1121476934
-1965308396
-714703207
2021328817
-988403923
-1942579552
332458522
-1444888792
1690079735
174350039
-696107095
1169395448
-1600628524
2081498199
880137372
1195707901
1800812462
-1466337769
-2126148986
-1838396032
-1569717968
1491699897
1724457092
-643149872
1926636861
-1262477353
370761791
-481906797
-811672640
1804227022
-505515932
-314514910
1677855617
1215293309
212377350
-1089893476
1898626254
2043519466
-845691612
-1851710548
1263100867
-2056900545
1368046040
765990992
-315627545
-814332879
-1207315931
210247733
2125575443
-1903389349
793634544
-1583432185
1681478812
1683066022
-509410969
-342949197
1150958690
-1990445010
233856996
-394649158
-2086831596
1005851839
2061645533
-1017896662
-630938106
1356144848
-420633309
-2103099990
915217255
-213057211
-1369642705
-1017656213
-1554332976
608304106
1694193594
-1725826882
731981865
1978995558
-908873192
491054070
-1084827263
1630050983
1193783840
-476019663
-1683606664
-632224947
1553082165
1706772942
448578878
487675980
-1134909607
188591712
-473583709
1680465119
-193633382
706968520
-634243664
1254929865
-1600087925
-1736181944
-327648069
-950337520
-1098967014
-223595256
-1863303103
1019319369
1550530023
-1287945856
121571502
-706068685
-1929220904
1027558032
-309982872
-40422603
331574475
1693271755
1384628490
1373573345
2087034601
852157263
-2139667936
-1031217015
-1186522033
825604240
1548756498
-1503461412
-1266550986
-467195874
-603569196
-224733204
1627135642
-251929246
239540336
-1308813800
-1474085799
-1120886104
-889215873
-2027475238
604189158
-712117755
-2017652842
691292188
73136114
707909261
663829527
-298224821
1614492390
1407292093
-812991668
-308684061
1294868852
-224125615
1128387807
883164243
881793060
1063363880
408742709
-305650444
1938392684
-2084322494
-1053303571
1834117821
398603102
-2040898885
1221162082
689096815
-84792104
-666098980
-1956699748
-798504398
1727046363
-84212586
-1432987074
623597924
-87801522
21116853
1536041054
-287149430
1863220198
814959608
-1104649495
558295792
-458090909
1627615048
-87365351
-805536084
969531805
-631120933
-383641808
3423395
365093416
1660117067
1989390782
781006493
-384643236
494892631
-454663300
-1575549955
321865283
-1518674230
303754432
-1531258309
1453405080
1207445654
-1428196322
1622140051
-1007824995
1491871121
-1941405896
-1374935982
-2092721268
2077090420
-8329654
390032364
1063896108
234856725
-1696338505
-987247226
-2061515207
-873261107
-167172456
-1477574859
-2003429035
1511913876
-1431789559
-39116123
1835298176
1835310199
-267472645
690020644
-397481798
1344566503
-1949221780
221063202
-741316857
-1906135019
756597133
320739815
-22618940
-153314163
617101288
-283331802
247486381
-854234752
-518169842
-839282142
-1702408454
39788246
1090081271
948079915
-75040694
-294461645
1888394022
-1599545047
2047903760
-798155189
-2028126573
800368054
187541261
-1600694576
-1064076537
-406690051
-2034781615
-680571302
-1093321697
-1087652868
-691652244
-1450529936
1963856946
-477122590
500645045
-1304451525
-1630045961
2052012853
-749611658
-780600854
1155935492
-2004378087
-1945718848
100861168
1438783626
-1179875745
1730238270
337679625
-840998751
918356860
156843332
-1701513681
-573320860
-2111798926
10922156
-233551525
45706304
-820547746
-1312648127
-38556395
-197969073
-827166726
-1076917760
-934316366
-570368643
-83416683
-1502238660
-2113384669
1477997955
-646797654
1903248985
1524108642
-439127154
-1820496311
-764012400
-459311054
-653841670
-74887465
1606837994
-1067806822
-1230292912
-691260922
2019298448
1235784465
1217669106
-1749741165
1750162111
-118791217
-32551650
451525946
24877422
615892414
-621009640
-784545597
646033222
-2054538912
4413802
1456465441
-1156199163
-905104384
-536413904
-99158547
-31422218
1393201696
-748530940
-1279986480
-814711381
1825946496
-101122342
1686068804
744636129
-54175809
1381917761
1257448348
1581860869
213198809
-350595414
-1387927602
-1429689230
-844257444
-861834655
-1895193208
55705158
-1424558864
-1004478979
-1339596686
-2080238601
-1883544821
-197858715
268166517
-1414530834
-1125552343
1494884322
406389111
1009707753
-1021626133
-808304392
1161033683
1856302548
362068100
-1883544352
-1245259728
-494948148
-1601509678
-2059004725
-387448089
-1998395794
508352072
75896917
-30364369
990189513
-1997273224
2125297006
150654418
275356666
2006486288
-788474260
-336153691
1698978576
715460143
-1641190022
1462446352
-1146686631
111102289
-1673015444
1787085599
-36372024
-2132659627
1295794291
-1143850869
-1978645580
1107376961
110726787
998753133
1696062350
190608526
-490475462
476946686
1187030410
781564555
-1681532221
-44020741
612359883
-1624403742
-535926354
-52120233
1070210728
-1407982310
-398502543
-1486258991
-757561859
-1843358698
-208581144
-1966966775
1636010423
-1054560865
2132404731
547627966
-1060636399
931824449
-2009845837
1267702666
1275810214
-1858586662
-1125071084
722096943
-1232220396
-1301528030
-1394056608
457388956
-1913067788
1884499789
-1364038885
-1591005156
-875026649
1703594920
1794310897
1491633442
-289832666
712919732
-61250891
-1400548423
-5123060
1546116863
-2102248724
692021223
-1511576402
-1404198272
2119054850
-1173764021
1742934419
382367417
934768311
961389316
-669795257
1732329120
-1528471004
2118957176
1955687691
-1177229466
11747569
-368851579
288613539
-580784989
1827057626
441331935
-573605168
-1097127125
-1506922086
-165665440
-1402528113
-1332196530
1307098939
235416738
-485422277
-1056152793
1272692262
-2110675662
-824392412
-642827464
443437964
2015709555
-1200531954
996279170
1550887636
-1384354119
1253366713
-1126417039
1111076957
-169771954
1892922250
-1494994228
1126510886
-1761265363
-1695084134
915678702
-1175203424
1861132613
-1518014970
-832195916
1151965629
795228115
308472311
-104298499
288500388
1980280742
16510643
1239513219
1846669027
955707281
323222517
977516333
1895366195
212608347
763249191
-1970036324
-463926270
-1237801838
774663502
1455442209
-1330371026
-318164821
786498746
-482700110
56474378
729188644
-2043863692
607525858
1692337287
493423066
-91220511
1350075861
1455104452
28454897
1443501221
1358453547
-852309427
1953919786
-205266424
-151572300
-260662999
-1159875984
-1715553135
798904941
-2005546706
1994184671
-336374347
-891522278
-1983780503
549318447
720058428
-1266809314
553781507
-1102446265
2030749590
-440985389
-1553162433
1575944602
-1559988975
661539854
443836792
444028460
-418424969
1589189167
867203574
-2040044621
493578583
-1595306206
2080068899
-1477500595
884227279
-1190908765
-1632842274
-463691997
-1979004702
-1172657853
-446423923
738964471
-1824443627
-2069508567
-765141219
-1626866636
-421762126
-366690382
1523415606
-1609456165
164149488
-1678021347
-221707141
375045068
-1822194766
-1039753401
-1311042351
1394529929
1786864794
-1524411181
-745703740
-1726107173
-979269860
-1886844873
-1095642756
859445565
1873752570
-301062469
1633896205
-242101773
1624541139
191696082
-1970879318
-1826063917
1481219059
-163264808
-736166097
-589196741
-1767244762
1718893261
834348470
-507282428
-783305384
-1406241378
551103699
154627078
-1107435984
-668384844
-584641804
-2145037160
813316148
509170491
274120503
1783897178
455008691
1279847218
